0 25
1 27
2 28
3 30
4 31
5 33
6 34
7 36
8 37
9 39
10 40
11 42
12 43
13 45
14 46
15 48
16 49
17 51
18 52
19 54
20 55
21 57
22 58
23 60
24 61
25 63
26 142
27 143
28 145
29 146
30 148
31 149
32 151
33 152
34 154
35 155
36 194
37 196
38 197
39 199
40 200
41 202
42 203
43 205
44 206
45 208
46 209
47 211
48 212
49 214
50 215
51 217
52 218
53 220
54 221
55 223
56 224
57 226
58 227
59 229
60 230
61 232
62 233
63 235
64 236
65 238
66 239
67 241
68 242
69 244
70 245
71 247
72 248
73 250
74 251
75 253
76 254
77 256
78 257
79 259
80 260
81 262
82 263
83 265
84 266
85 268
86 269
87 271
88 272
89 274
90 275
91 277
92 278
93 279
94 281
95 282
96 284
97 285
98 287
99 288
100 290
101 291
102 293
103 294
104 296
105 297
106 299
107 300
108 302
109 303
110 305
111 306
112 308
113 309
114 311
115 312
116 314
117 315
118 317
119 318
120 320
121 321
122 323
123 324
124 326
125 327
126 329
127 330
128 332
129 333
130 335
131 336
132 338
133 339
134 341
135 342
136 344
137 345
138 347
139 348
140 350
141 351
142 353
143 354
144 356
145 357
146 359
147 360
148 362
149 363
150 365
151 366
152 368
153 369
154 371
155 372
156 374
157 375
158 376
159 378
160 379
161 381
162 382
163 384
164 385
165 387
166 388
167 390
168 391
169 393
170 394
171 396
172 397
173 399
174 400
175 402
176 403
177 405
178 406
179 408
180 409
181 411
182 412
183 414
184 415
185 417
186 418
187 420
188 421
189 423
190 424
191 426
192 427
193 429
194 430
195 432
196 433
197 435
198 436
199 438
200 439
201 441
202 442
203 444
204 445
205 447
206 448
207 450
208 451
209 453
210 454
211 456
212 457
213 459
214 460
215 462
216 463
217 465
218 466
219 467
220 468
221 470
222 471
223 473
224 474
225 475
226 477
228 478
229 479
230 481
231 482
232 484
233 485
234 487
235 488
236 490
237 491
238 493
239 494
240 496
241 497
242 499
243 500
244 502
245 503
246 505
247 506
248 508
249 509
250 511
251 512
252 514
253 515
254 517
255 518
256 520
257 521
258 523
259 524
260 526
261 527
262 529
263 530
264 532
265 533
266 535
267 536
268 538
269 539
270 541
271 542
272 544
273 545
274 547
275 548
276 550
277 551
278 553
279 554
280 556
281 557
282 558
283 560
284 561
285 563
286 564
287 566
288 567
289 569
290 570
291 572
292 573
293 575
294 576
295 578
296 579
297 581
298 582
299 584
300 585
301 587
302 588
303 590
304 591
305 593
306 594
307 596
308 597
309 599
310 600
311 602
312 603
313 605
314 606
315 608
316 609
317 611
318 612
319 614
320 615
321 617
322 618
323 620
324 621
325 623
326 624
327 626
328 627
329 629
330 630
331 632
332 633
333 635
334 636
335 638
336 639
337 641
338 642
339 644
340 645
341 647
342 648
343 650
344 651
345 652
346 654
347 655
348 657
349 658
350 660
351 661
352 663
353 664
354 666
355 667
356 669
357 670
358 672
359 673
360 675
361 676
362 678
363 679
364 681
365 682
366 684
367 685
368 687
369 688
370 690
371 691
372 693
373 694
374 696
375 697
376 699
377 700
378 702
379 703
380 705
381 706
382 708
383 709
384 711
385 712
386 714
387 715
388 717
389 718
390 720
391 721
392 723
393 724
394 726
395 727
396 729
397 730
398 732
399 733
400 735
401 736
402 738
403 739
404 741
405 742
406 744
407 745
408 747
409 748
410 749
411 751
412 752
413 754
414 755
415 757
416 758
417 760
418 761
419 763
420 764
421 766
422 767
423 769
424 770
425 772
426 773
427 775
428 776
429 778
430 779
431 781
432 782
433 784
434 785
435 787
436 788
437 790
438 791
439 793
440 794
441 796
442 797
443 799
444 800
445 802
446 803
447 805
448 806
449 808
450 809
451 811
452 812
453 814
454 815
455 817
456 818
457 820
458 821
459 823
460 824
461 826
462 827
463 829
464 830
465 832
466 833
467 835
468 836
469 838
470 839
471 841
472 842
473 843
474 845
475 846
476 848
477 849
478 851
479 852
480 854
481 855
482 857
483 858
484 860
485 861
486 863
487 864
488 866
489 867
490 869
491 870
492 872
493 873
494 875
495 876
496 878
497 879
498 881
499 882
500 884
501 885
502 887
503 888
504 890
505 891
506 893
507 894
508 896
509 897
510 899
511 900
512 902
513 903
514 905
515 906
516 908
517 909
518 911
519 912
520 914
521 915
522 917
523 918
524 920
525 921
526 923
527 924
528 926
529 927
530 929
531 930
532 931
533 933
534 934
535 936
536 937
537 939
538 940
539 942
540 943
541 945
542 946
543 948
544 949
545 951
546 952
547 954
548 955
549 957
550 958
551 960
552 961
553 963
554 964
555 966
556 967
557 969
558 970
559 972
560 973
561 975
562 976
563 978
564 979
565 981
566 982
567 984
568 985
569 987
570 988
571 990
572 991
573 993
574 994
575 996
576 997
577 999
578 1000
579 1002
580 1003
581 1005
582 1006
583 1008
584 1009
585 1011
586 1012
587 1014
588 1015
589 1017
590 1018
591 1020
592 1021
593 1023
594 1024
595 1026
596 1027
597 1028
598 1030
599 1031
600 1033
601 1034
602 1036
603 1037
604 1039
605 1040
606 1042
607 1043
608 1045
609 1046
610 1048
611 1049
612 1051
613 1052
614 1054
615 1055
616 1057
617 1058
618 1060
619 1061
620 1063
621 1064
622 1066
623 1067
624 1068
625 1070
626 1071
627 1073
628 1074
629 1076
630 1077
631 1078
632 1080
633 1081
634 1083
635 1084
636 1086
637 1087
638 1089
639 1090
640 1092
641 1093
642 1095
643 1096
644 1098
645 1099
646 1101
647 1102
648 1104
649 1105
650 1107
651 1108
652 1110
653 1111
654 1113
655 1114
656 1116
657 1117
658 1119
659 1120
660 1121
661 1123
662 1124
663 1126
664 1127
665 1129
666 1130
667 1132
668 1133
669 1135
670 1136
671 1138
672 1139
673 1141
674 1142
675 1144
676 1145
677 1147
678 1148
679 1150
680 1151
681 1153
682 1154
683 1156
684 1157
685 1159
686 1160
687 1162
688 1163
689 1165
690 1166
691 1168
692 1169
693 1171
694 1172
695 1174
696 1175
697 1177
698 1178
699 1180
700 1181
701 1183
702 1184
703 1186
704 1187
705 1189
706 1190
707 1192
708 1193
709 1195
710 1196
711 1198
712 1199
713 1201
714 1202
715 1204
716 1205
717 1207
718 1208
719 1210
720 1211
721 1213
722 1214
723 1215
724 1217
725 1218
726 1220
727 1221
728 1223
729 1224
730 1226
731 1227
732 1229
733 1230
734 1232
735 1233
736 1235
737 1236
738 1238
739 1239
740 1241
741 1242
742 1244
743 1245
744 1247
745 1248
746 1250
747 1251
748 1253
749 1254
750 1256
751 1257
752 1259
753 1260
754 1262
755 1263
756 1265
757 1266
758 1268
759 1269
760 1271
761 1272
762 1274
763 1275
764 1277
765 1278
766 1280
767 1281
768 1283
769 1284
770 1286
771 1287
772 1289
773 1290
774 1292
775 1293
776 1295
777 1296
778 1298
779 1299
780 1301
781 1302
782 1304
783 1305
784 1306
785 1308
786 1309
787 1311
788 1312
789 1314
790 1315
791 1317
792 1318
793 1320
794 1321
795 1323
796 1324
797 1326
798 1327
799 1329
800 1330
801 1332
802 1333
803 1335
804 1336
805 1338
806 1339
807 1341
808 1342
809 1344
810 1345
811 1347
812 1348
813 1350
814 1351
815 1353
816 1354
817 1356
818 1357
819 1359
820 1360
821 1361
822 1363
823 1365
824 1366
825 1368
826 1369
827 1371
828 1372
829 1374
830 1375
831 1377
832 1378
833 1380
834 1381
835 1383
836 1384
837 1386
838 1387
839 1389
840 1390
841 1392
842 1393
843 1395
844 1396
845 1398
846 1399
847 1400
848 1402
849 1403
850 1405
851 1406
852 1408
853 1409
854 1411
855 1412
856 1414
857 1415
858 1417
859 1418
860 1420
861 1421
862 1423
863 1424
864 1426
865 1427
866 1429
867 1430
868 1432
869 1433
870 1435
871 1436
872 1438
873 1439
874 1441
875 1442
876 1444
877 1445
878 1447
879 1448
880 1450
881 1451
882 1453
883 1454
884 1456
885 1457
886 1459
887 1460
888 1462
889 1463
890 1465
891 1466
892 1468
893 1469
894 1471
895 1472
896 1474
897 1475
898 1477
899 1478
900 1480
901 1481
902 1483
903 1484
904 1486
905 1487
906 1489
907 1490
908 1492
909 1493
910 1495
911 1496
912 1497
913 1499
914 1500
915 1502
916 1503
917 1505
918 1506
919 1508
920 1509
921 1511
922 1512
923 1514
924 1515
925 1517
926 1518
927 1520
928 1521
929 1523
930 1524
931 1526
932 1527
933 1529
934 1530
935 1532
936 1533
937 1535
938 1536
939 1538
940 1539
941 1541
942 1542
943 1544
944 1545
945 1547
946 1548
947 1550
948 1551
949 1553
950 1554
951 1556
952 1557
953 1559
954 1560
955 1562
956 1563
957 1565
958 1566
959 1568
960 1569
961 1571
962 1572
963 1574
964 1575
965 1577
966 1578
967 1580
968 1581
969 1583
970 1584
971 1586
972 1587
973 1589
974 1590
975 1591
976 1593
977 1594
978 1596
979 1597
980 1599
981 1600
982 1602
983 1603
984 1605
985 1606
986 1608
987 1609
988 1611
989 1612
990 1614
991 1615
992 1617
993 1618
994 1620
995 1621
996 1623
997 1624
998 1626
999 1627
1000 1629
1001 1630
1002 1632
1003 1633
1004 1635
1005 1636
1006 1638
1007 1639
1008 1641
1009 1642
1010 1644
1011 1645
1012 1647
1013 1648
1014 1650
1015 1651
1016 1653
1017 1654
1018 1656
1019 1657
1020 1659
1021 1660
1022 1661
1023 1663
1024 1664
1025 1665
1026 1667
1027 1668
1028 1670
1029 1671
1030 1673
1031 1674
1032 1676
1033 1677
1034 1679
1035 1680
1036 1682
1037 1683
1038 1684
1039 1686
1040 1687
1041 1689
1042 1690
1043 1692
1044 1693
1045 1695
1046 1696
1047 1698
1048 1699
1049 1701
1050 1702
1051 1704
1052 1705
1053 1707
1054 1708
1055 1710
1056 1711
1057 1713
1058 1714
1059 1716
1060 1717
1061 1719
1062 1720
1063 1722
1064 1723
1065 1725
1066 1726
1067 1728
1068 1729
1069 1731
1070 1732
1071 1734
1072 1735
1073 1737
1074 1738
1075 1740
1076 1741
1077 1743
1078 1744
1079 1746
1080 1747
1081 1749
1082 1750
1083 1752
1084 1753
1085 1755
1086 1756
1087 1758
1088 1759
1089 1761
1090 1762
1091 1764
1092 1765
1093 1767
1094 1768
1095 1770
1096 1771
1097 1773
1098 1774
1099 1775
1100 1777
1101 1778
1102 1780
