0 31
1 33
2 34
3 36
4 37
5 39
6 40
7 42
8 43
9 45
10 46
11 48
12 49
13 51
14 52
15 54
16 55
17 57
18 58
19 60
20 61
21 63
22 64
23 66
24 67
25 69
26 70
27 72
28 73
29 75
30 76
31 78
32 79
33 81
34 82
35 84
36 85
37 87
38 88
39 90
40 91
41 93
42 94
43 96
44 97
45 98
46 100
47 101
48 103
49 104
50 106
51 107
52 109
53 110
54 112
55 113
56 115
57 116
58 118
59 119
60 121
61 122
62 124
63 125
64 127
65 128
66 130
67 131
68 133
69 134
70 136
71 137
72 139
73 140
74 142
75 143
76 145
77 146
78 148
79 149
80 151
81 152
82 154
83 155
84 157
85 158
86 160
87 161
88 163
89 164
90 166
91 167
92 169
93 170
94 172
95 173
96 175
97 176
98 178
99 179
100 181
101 182
102 184
103 185
104 187
105 188
106 190
107 191
108 192
109 194
110 195
111 197
112 198
113 200
114 201
115 203
116 204
117 206
118 207
119 209
120 210
121 212
122 213
123 215
124 216
125 218
126 219
127 221
128 222
129 224
130 225
131 227
132 228
133 230
134 231
135 233
136 234
137 236
138 237
139 239
140 240
141 242
142 243
143 245
144 246
145 248
146 249
147 251
148 252
149 254
150 255
151 257
152 258
153 260
154 261
155 263
156 264
157 266
158 267
159 269
160 270
161 272
162 273
163 275
164 276
165 278
166 279
167 281
168 282
169 284
170 285
171 286
172 288
173 289
174 291
175 292
176 294
177 295
178 297
179 298
180 300
181 301
182 303
183 304
184 306
185 307
186 309
187 310
188 312
189 313
190 315
191 316
192 318
193 319
194 321
195 322
196 324
197 325
198 327
199 328
200 330
201 331
202 333
203 334
204 336
205 337
206 339
207 340
208 342
209 343
210 345
211 346
212 348
213 349
214 351
215 352
216 354
217 355
218 357
219 358
220 360
221 361
222 363
223 364
224 366
225 367
226 369
227 370
228 372
229 373
230 375
231 376
232 377
233 379
234 380
235 382
236 383
237 385
238 386
239 388
240 389
241 391
242 392
243 394
244 395
245 397
246 398
247 400
248 401
249 403
250 404
251 406
252 407
253 409
254 410
255 412
256 413
257 415
258 416
259 418
260 419
261 421
262 422
263 424
264 425
265 427
266 428
267 430
268 431
269 433
270 434
271 436
272 437
273 439
274 440
275 442
276 443
277 445
278 446
279 448
280 449
281 451
282 452
283 454
284 455
285 457
286 458
287 460
288 461
289 463
290 464
291 466
292 467
293 469
294 470
295 471
296 473
297 474
298 476
299 477
300 479
301 480
302 482
303 483
304 485
305 486
306 488
307 489
308 491
309 492
310 494
311 495
312 497
313 498
314 500
315 501
316 503
317 504
318 506
319 507
320 509
321 510
322 512
323 513
324 515
325 516
326 518
327 519
328 521
329 522
330 524
331 525
332 527
333 528
334 530
335 531
336 533
337 534
338 536
339 537
340 539
341 540
342 542
343 543
344 545
345 546
346 548
347 549
348 551
349 552
350 554
351 555
352 557
353 558
354 560
355 561
356 563
357 564
358 566
359 567
360 568
361 570
362 571
363 573
364 574
365 576
366 577
367 579
368 580
369 582
370 583
371 585
372 586
373 588
374 589
375 591
376 592
377 594
378 595
379 597
380 598
381 600
382 601
383 603
384 604
385 606
386 607
387 609
388 610
389 612
390 613
391 615
392 616
393 618
394 619
395 621
396 622
397 624
398 625
399 627
400 628
401 630
402 631
403 633
404 634
405 636
406 637
407 639
408 640
409 642
410 643
411 645
412 646
413 648
414 649
415 651
416 652
417 654
418 655
419 657
420 658
421 660
422 661
423 662
424 664
425 665
426 667
427 668
428 670
429 671
430 673
431 674
432 676
433 677
434 679
435 680
436 682
437 683
438 685
439 686
440 688
441 689
442 691
443 692
444 694
445 695
446 697
447 698
448 700
449 701
450 703
451 704
452 706
453 707
454 709
455 710
456 712
457 713
458 715
459 716
460 718
461 719
462 721
463 722
464 724
465 725
466 727
467 728
468 730
469 731
470 733
471 734
472 736
473 737
474 739
475 740
476 742
477 743
478 745
479 746
480 748
481 749
482 751
483 752
484 754
485 755
486 756
487 758
488 759
489 761
490 762
491 764
492 765
493 767
494 768
495 770
496 771
497 773
498 774
499 776
500 777
501 779
502 780
503 782
504 783
505 785
506 786
507 788
508 789
509 791
510 792
511 794
512 795
513 797
514 798
515 800
516 801
517 803
518 804
519 806
520 807
521 809
522 810
523 812
524 813
525 815
526 816
527 818
528 819
529 821
530 822
531 824
532 825
533 827
534 828
535 830
536 831
537 833
538 834
539 836
540 837
541 839
542 840
543 842
544 843
545 845
546 846
547 847
548 849
549 850
550 852
551 853
552 855
553 856
554 858
555 859
556 861
557 862
558 864
559 865
560 867
561 868
562 870
563 871
564 873
565 874
566 876
567 877
568 879
569 880
570 882
571 883
572 885
573 886
574 888
575 889
576 891
577 892
578 894
579 895
580 897
581 898
582 900
583 901
584 903
585 904
586 906
587 907
588 909
589 910
590 912
591 913
592 915
593 916
594 918
595 919
596 921
597 922
598 924
599 925
600 927
601 928
602 930
603 931
604 933
605 934
606 936
607 937
608 939
609 940
610 942
611 943
612 944
613 946
614 947
615 949
616 950
617 952
618 953
619 955
620 956
621 958
622 959
623 961
624 962
625 964
626 965
627 967
628 968
629 970
630 971
631 973
632 974
633 976
634 977
635 979
636 980
637 982
638 983
639 985
640 986
641 988
642 989
643 991
644 992
645 994
646 995
647 997
648 998
649 1000
650 1001
651 1003
652 1004
653 1006
654 1007
655 1009
656 1010
657 1012
658 1013
659 1015
660 1016
661 1018
662 1019
663 1021
664 1022
665 1024
666 1025
667 1027
668 1028
669 1030
670 1031
671 1033
672 1034
673 1036
674 1037
675 1038
676 1040
677 1041
678 1043
679 1044
680 1046
681 1047
682 1049
683 1050
684 1052
685 1053
686 1055
687 1056
688 1058
689 1059
690 1061
691 1062
692 1064
693 1065
694 1067
695 1068
696 1070
697 1071
698 1073
699 1074
700 1076
701 1077
702 1079
703 1080
704 1082
705 1083
706 1085
707 1086
708 1088
709 1089
710 1091
711 1092
712 1094
713 1095
714 1097
715 1098
716 1100
717 1101
718 1103
719 1104
720 1106
721 1107
722 1109
723 1110
724 1112
725 1113
726 1115
727 1116
728 1118
729 1119
730 1121
731 1122
732 1124
733 1125
734 1127
735 1128
736 1129
737 1131
738 1132
739 1134
740 1135
741 1137
742 1138
743 1140
744 1141
745 1143
746 1144
747 1146
748 1147
749 1149
750 1150
751 1152
752 1153
753 1155
754 1156
755 1158
756 1159
757 1161
758 1162
759 1164
760 1165
761 1167
762 1168
763 1170
764 1171
765 1173
766 1174
767 1176
768 1177
769 1179
770 1180
771 1182
772 1183
773 1185
774 1186
775 1188
776 1189
777 1191
778 1192
779 1194
780 1195
781 1197
782 1198
783 1200
784 1201
785 1203
786 1204
787 1206
788 1207
789 1209
790 1210
791 1212
792 1213
793 1215
794 1216
795 1218
796 1219
797 1221
798 1222
799 1223
800 1225
801 1226
802 1228
803 1229
804 1231
805 1232
806 1234
807 1235
808 1237
809 1238
810 1240
811 1241
812 1243
813 1244
814 1246
815 1247
816 1249
817 1250
818 1252
819 1253
820 1255
821 1256
822 1258
823 1259
824 1261
825 1262
826 1264
827 1265
828 1267
829 1268
830 1270
831 1271
832 1273
833 1274
834 1276
835 1277
836 1279
837 1280
838 1282
839 1283
840 1285
841 1286
842 1288
843 1289
844 1291
845 1292
846 1294
847 1295
848 1297
849 1298
850 1300
851 1301
852 1303
853 1304
854 1306
855 1307
856 1309
857 1310
858 1312
859 1313
860 1315
861 1316
862 1318
863 1319
864 1320
865 1322
866 1323
867 1325
868 1326
869 1328
870 1329
871 1331
872 1332
873 1334
874 1335
875 1337
876 1338
877 1340
878 1341
879 1343
880 1344
881 1346
882 1347
883 1349
884 1350
885 1352
886 1353
887 1355
888 1356
889 1358
890 1359
891 1361
892 1362
893 1364
894 1365
895 1367
896 1368
897 1370
898 1371
899 1373
900 1374
901 1376
902 1377
903 1379
904 1380
905 1382
906 1383
907 1385
908 1386
909 1388
910 1389
911 1391
912 1392
913 1394
914 1395
915 1397
916 1398
917 1400
918 1401
919 1403
920 1404
921 1406
922 1407
923 1409
924 1410
925 1412
926 1413
927 1414
928 1416
929 1417
930 1419
931 1420
932 1422
933 1423
934 1425
935 1426
936 1428
937 1429
938 1431
939 1432
940 1434
941 1435
942 1437
943 1438
944 1440
945 1441
946 1443
947 1444
948 1446
949 1447
950 1449
951 1450
952 1452
953 1453
954 1455
955 1456
956 1458
957 1459
958 1461
959 1462
960 1464
961 1465
962 1467
963 1468
964 1470
965 1471
966 1473
967 1474
968 1476
969 1477
970 1479
971 1480
972 1482
973 1483
974 1485
975 1486
976 1488
977 1489
978 1491
979 1492
980 1494
981 1495
982 1497
983 1498
984 1500
985 1501
986 1503
987 1504
988 1506
989 1507
990 1508
991 1510
992 1511
993 1513
994 1514
995 1516
996 1517
997 1519
998 1520
999 1522
1000 1523
1001 1525
1002 1526
1003 1528
1004 1529
1005 1531
1006 1532
1007 1534
1008 1535
1009 1537
1010 1538
1011 1540
1012 1541
1013 1543
1014 1544
1015 1546
1016 1547
1017 1549
1018 1550
1019 1552
1020 1553
1021 1555
1022 1556
1023 1558
1024 1559
1025 1561
1026 1562
1027 1564
1028 1565
1029 1567
1030 1568
1031 1570
1032 1571
1033 1573
1034 1574
1035 1576
1036 1577
1037 1579
1038 1580
1039 1582
1040 1583
1041 1585
1042 1586
1043 1588
1044 1589
1045 1591
1046 1592
1047 1594
1048 1595
1049 1597
1050 1598
1051 1599
1052 1601
1053 1602
1054 1604
1055 1605
1056 1607
1057 1608
1058 1610
1059 1611
1060 1613
1061 1614
1062 1616
1063 1617
1064 1619
1065 1620
1066 1622
1067 1623
1068 1625
1069 1626
1070 1628
1071 1629
1072 1631
1073 1632
1074 1634
1075 1635
1076 1637
1077 1638
1078 1640
1079 1641
1080 1643
1081 1644
1082 1646
1083 1647
1084 1649
1085 1650
1086 1652
1087 1653
1088 1655
1089 1656
1090 1658
1091 1659
1092 1661
1093 1662
1094 1664
1095 1665
1096 1667
1097 1668
1098 1670
1099 1671
1100 1673
1101 1674
1102 1676
1103 1677
1104 1679
1105 1680
1106 1682
1107 1683
1108 1685
1109 1686
1110 1688
1111 1689
1112 1691
1113 1692
1114 1693
1115 1695
1116 1696
1117 1698
1118 1699
1119 1701
1120 1702
1121 1704
1122 1705
1123 1707
1124 1708
1125 1710
1126 1711
1127 1713
1128 1714
1129 1716
1130 1717
1131 1719
1132 1720
1133 1722
1134 1723
1135 1725
1136 1726
1137 1728
1138 1729
1139 1731
1140 1732
1141 1734
1142 1735
1143 1737
1144 1738
1145 1740
1146 1741
1147 1743
1148 1744
1149 1746
1150 1747
1151 1749
1152 1750
1153 1752
1154 1753
1155 1755
1156 1756
1157 1758
1158 1759
1159 1761
1160 1762
1161 1764
1162 1765
1163 1767
1164 1768
1165 1770
1166 1771
1167 1773
1168 1774
1169 1776
1170 1777
1171 1779
1172 1780
1173 1782
1174 1783
