0 48
1 49
2 112
3 113
4 115
5 116
6 118
7 119
8 121
9 122
10 124
11 125
12 127
13 128
14 130
15 131
16 133
17 134
18 136
19 137
20 139
21 140
22 142
23 143
24 145
25 146
26 148
27 149
28 151
29 152
30 154
31 155
32 157
33 158
34 160
35 161
36 163
37 164
38 166
39 167
40 169
41 170
42 172
43 173
44 175
45 176
46 178
47 179
48 181
49 182
50 184
51 185
52 187
53 188
54 190
55 191
56 192
57 194
58 195
59 197
60 198
61 200
62 201
63 203
64 204
65 206
66 207
67 209
68 210
69 212
70 213
71 215
72 216
73 218
74 219
75 221
76 222
77 224
78 225
79 227
80 228
81 230
82 231
83 233
84 234
85 236
86 237
87 239
88 240
89 242
90 243
91 245
92 246
93 248
94 249
95 251
96 252
97 254
98 255
99 257
100 258
101 260
102 261
103 263
104 264
105 266
106 267
107 269
108 270
109 272
110 273
111 275
112 276
113 278
114 279
115 281
116 282
117 284
118 285
119 286
120 288
121 289
122 291
123 292
124 294
125 295
126 297
127 298
128 300
129 301
130 303
131 304
132 306
133 307
134 309
135 310
136 312
137 313
138 315
139 316
140 318
141 319
142 321
143 322
144 324
145 325
146 327
147 328
148 330
149 331
150 333
151 334
152 336
153 337
154 339
155 340
156 342
157 343
158 345
159 346
160 348
161 349
162 351
163 352
164 354
165 355
166 357
167 358
168 360
169 361
170 363
171 364
172 366
173 367
174 369
175 370
176 372
177 373
178 375
179 376
180 377
181 379
182 380
183 382
184 383
185 385
186 386
187 388
188 389
189 391
190 392
191 394
192 395
193 397
194 398
195 400
196 401
197 403
198 404
199 406
200 407
201 409
202 410
203 412
204 413
205 415
206 416
207 418
208 419
209 421
210 422
211 424
212 425
213 427
214 428
215 430
216 431
217 433
218 434
219 436
220 437
221 439
222 440
223 442
224 443
225 445
226 446
227 448
228 449
229 451
230 452
231 454
232 455
233 457
234 458
235 460
236 461
237 463
238 464
239 466
240 467
241 469
242 470
243 471
244 473
245 474
246 476
247 477
248 479
249 480
250 482
251 483
252 485
253 486
254 488
255 489
256 491
257 492
258 494
259 495
260 497
261 498
262 500
263 501
264 503
265 504
266 506
267 507
268 509
269 510
270 512
271 513
272 515
273 516
274 518
275 519
276 521
277 522
278 524
279 525
280 527
281 528
282 530
283 531
284 533
285 534
288 535
289 536
290 538
291 539
292 541
293 542
294 544
295 545
296 547
297 548
298 550
299 551
300 553
301 554
302 556
303 557
304 559
305 560
306 562
307 563
308 564
309 566
310 567
311 569
312 570
313 572
314 573
315 575
316 576
317 578
318 579
319 581
320 582
321 584
322 585
323 587
324 588
325 590
326 591
327 593
328 594
329 596
330 597
331 599
332 600
333 602
334 603
335 605
336 606
337 608
338 609
339 611
340 612
341 614
342 615
343 617
344 618
345 620
346 621
347 623
348 624
349 626
350 627
351 629
352 630
353 632
354 633
355 635
356 636
357 638
358 639
359 641
360 642
361 644
362 645
363 647
364 648
365 650
366 651
367 653
368 654
369 655
370 657
371 658
372 660
373 661
374 663
375 664
376 666
377 667
378 669
379 670
380 672
381 673
382 675
383 676
384 678
385 679
386 681
387 682
388 684
389 685
390 687
391 688
392 690
393 691
394 693
395 694
396 696
397 697
398 699
399 700
400 702
401 703
402 705
403 706
404 708
405 709
406 711
407 712
408 714
409 715
410 717
411 718
412 720
413 721
414 723
415 724
416 726
417 727
418 729
419 730
420 732
421 733
422 735
423 736
424 738
425 739
426 741
427 742
428 744
429 745
430 747
431 748
432 749
433 751
434 752
435 754
436 755
437 757
438 758
439 760
440 761
441 763
442 764
443 766
444 767
445 769
446 770
447 772
448 773
449 775
450 776
451 778
452 779
453 781
454 782
455 784
456 785
457 787
458 788
459 790
460 791
461 793
462 794
463 796
464 797
465 799
466 800
467 802
468 803
469 805
470 806
471 808
472 809
473 811
474 812
475 814
476 815
477 817
478 818
479 820
480 821
481 823
482 824
483 826
484 827
485 829
486 830
487 832
488 833
489 835
490 836
491 838
492 839
493 841
494 842
495 843
496 845
497 846
498 848
499 849
500 851
501 852
502 854
503 855
504 857
505 858
506 860
507 861
508 863
509 864
510 866
511 867
512 869
513 870
514 872
515 873
516 875
517 876
518 878
519 879
520 881
521 882
522 884
523 885
524 887
525 888
526 890
527 891
528 893
529 894
530 896
531 897
532 899
533 900
534 902
535 903
536 905
537 906
538 908
539 909
540 911
541 912
542 914
543 915
544 917
545 918
546 920
547 921
548 923
549 924
550 926
551 927
552 929
553 930
554 932
555 933
556 935
557 936
558 937
559 939
560 940
561 942
562 943
563 945
564 946
565 948
566 949
567 951
568 952
569 954
570 955
571 957
572 958
573 960
574 961
575 963
576 964
577 966
578 967
579 969
580 970
581 972
582 973
583 975
584 976
585 978
586 979
587 981
588 982
589 984
590 985
591 987
592 988
593 990
594 991
595 993
596 994
597 996
598 997
599 999
600 1000
601 1002
602 1003
603 1005
604 1006
605 1008
606 1009
607 1011
608 1012
609 1014
610 1015
611 1017
612 1018
613 1020
614 1021
615 1023
616 1024
617 1026
618 1027
619 1029
620 1030
621 1032
622 1033
623 1034
624 1036
625 1037
626 1039
627 1040
628 1042
629 1043
630 1045
631 1046
632 1048
633 1049
634 1051
635 1052
636 1054
637 1055
638 1057
639 1058
640 1060
641 1061
642 1063
643 1064
644 1066
645 1067
646 1069
647 1070
648 1072
649 1073
650 1075
651 1076
652 1078
653 1079
654 1081
655 1082
656 1084
657 1085
658 1087
659 1088
660 1090
661 1091
662 1093
663 1094
664 1096
665 1097
666 1099
667 1100
668 1102
669 1103
670 1105
671 1106
672 1108
673 1109
674 1111
675 1112
676 1114
677 1115
678 1117
679 1118
680 1120
681 1121
682 1122
683 1124
684 1125
685 1127
686 1128
687 1130
688 1131
689 1133
690 1134
691 1136
692 1137
693 1139
694 1140
695 1142
696 1143
697 1145
698 1146
699 1148
700 1149
701 1151
702 1152
703 1154
704 1155
705 1157
706 1158
707 1160
708 1161
709 1163
710 1164
711 1166
712 1167
713 1169
714 1170
715 1172
716 1173
717 1175
718 1176
719 1178
720 1179
721 1181
722 1182
723 1184
724 1185
725 1187
726 1188
727 1190
728 1191
729 1192
730 1194
731 1195
732 1197
733 1198
734 1200
735 1201
736 1203
737 1204
738 1206
739 1207
740 1209
741 1210
742 1212
743 1213
744 1215
745 1216
746 1217
747 1219
748 1220
749 1222
750 1223
751 1225
752 1226
753 1228
754 1229
755 1231
756 1232
757 1234
758 1235
759 1237
760 1238
761 1240
762 1241
763 1243
764 1244
765 1246
766 1247
767 1249
768 1250
769 1252
770 1253
771 1255
772 1256
773 1258
774 1259
775 1261
776 1262
777 1264
778 1265
779 1267
780 1268
781 1270
782 1271
783 1273
784 1274
785 1276
786 1277
787 1279
788 1280
789 1282
790 1283
791 1285
792 1286
793 1288
794 1289
795 1291
796 1292
797 1294
798 1295
799 1297
800 1298
801 1300
802 1301
803 1303
804 1304
805 1306
806 1307
807 1309
808 1310
809 1312
810 1313
811 1314
812 1316
813 1317
814 1319
815 1320
816 1322
817 1323
818 1325
819 1326
820 1328
821 1329
822 1331
823 1332
824 1334
825 1335
826 1337
827 1338
828 1340
829 1341
830 1343
831 1344
832 1346
833 1347
834 1349
835 1350
836 1352
837 1353
838 1355
839 1356
840 1358
841 1359
842 1361
843 1362
844 1364
845 1365
846 1367
847 1368
848 1370
849 1371
850 1373
851 1374
852 1376
853 1377
854 1379
855 1380
856 1382
857 1383
858 1385
859 1386
860 1388
861 1389
862 1391
863 1392
864 1394
865 1395
866 1397
867 1398
868 1400
869 1401
870 1403
871 1404
872 1406
873 1407
874 1408
875 1410
876 1411
877 1413
878 1414
879 1416
880 1417
881 1419
882 1420
883 1422
884 1423
885 1425
886 1426
887 1428
888 1429
889 1431
890 1432
891 1434
892 1435
893 1437
894 1438
895 1440
896 1441
897 1443
898 1444
899 1446
900 1447
901 1449
902 1450
903 1452
904 1453
905 1455
906 1456
907 1458
908 1459
909 1461
910 1462
911 1464
912 1465
913 1467
914 1468
915 1470
916 1471
917 1473
918 1474
919 1476
920 1477
921 1479
922 1480
923 1482
924 1483
925 1485
926 1486
927 1488
928 1489
929 1491
930 1492
931 1494
932 1495
933 1497
934 1498
935 1499
936 1501
937 1502
938 1504
939 1505
940 1507
941 1508
942 1510
943 1511
944 1513
945 1514
946 1516
947 1517
948 1519
949 1520
950 1522
951 1523
952 1525
953 1526
954 1528
955 1529
956 1531
957 1532
958 1534
959 1535
960 1537
961 1538
962 1540
963 1541
964 1543
965 1544
966 1546
967 1547
968 1549
969 1550
970 1552
971 1553
972 1555
973 1556
974 1558
975 1559
976 1561
977 1562
978 1564
979 1565
980 1567
981 1568
982 1570
983 1571
984 1573
985 1574
986 1576
987 1577
988 1579
989 1580
990 1582
991 1583
992 1585
993 1586
994 1588
995 1589
996 1591
997 1592
998 1593
999 1595
1000 1596
1001 1598
1002 1599
1003 1601
1004 1602
1005 1604
1006 1605
1007 1607
1008 1608
1009 1610
1010 1611
1011 1613
1012 1614
1013 1616
1014 1617
1015 1619
1016 1620
1017 1622
1018 1623
1019 1625
1020 1626
1021 1628
1022 1629
1023 1631
1024 1632
1025 1634
1026 1635
1027 1637
1028 1638
1029 1640
1030 1641
1031 1643
1032 1644
1033 1646
1034 1647
1035 1649
1036 1650
1037 1652
1038 1653
1039 1655
1040 1656
1041 1658
1042 1659
1043 1661
1044 1662
1045 1664
1046 1665
1047 1667
1048 1668
1049 1670
1050 1671
1051 1673
1052 1674
1053 1676
1054 1677
1055 1679
1056 1680
1057 1682
1058 1683
1059 1685
1060 1686
1061 1688
1062 1689
1063 1690
1064 1692
1065 1693
1066 1695
1067 1696
1068 1698
1069 1699
1070 1701
1071 1702
1072 1704
1073 1705
1074 1707
1075 1708
1076 1710
1077 1711
1078 1713
1079 1714
1080 1716
1081 1717
1082 1719
1083 1720
1084 1722
1085 1723
1086 1725
1087 1726
1088 1728
1089 1729
1090 1731
1091 1732
1092 1734
1093 1735
1094 1737
1095 1738
1096 1740
1097 1741
1098 1743
1099 1744
1100 1746
1101 1747
1102 1749
1103 1750
1104 1752
1105 1753
1106 1755
1107 1756
1108 1758
1109 1759
1110 1761
1111 1762
1112 1764
1113 1765
1114 1767
1115 1768
1116 1770
1117 1771
1118 1773
1119 1774
1120 1776
1121 1777
1122 1779
1123 1780
