0 37
1 39
2 40
3 42
4 43
5 45
6 63
7 64
8 66
9 67
10 69
11 70
12 72
13 73
14 75
15 76
16 78
17 79
18 81
19 82
20 84
21 85
22 87
23 88
24 90
25 91
26 93
27 94
28 96
29 97
30 98
31 100
32 101
33 103
34 104
35 106
36 107
37 109
38 110
39 112
40 113
41 115
42 116
43 118
44 119
45 121
46 122
47 124
48 125
49 127
50 128
51 130
52 131
53 133
54 134
55 136
56 137
57 139
58 140
59 142
60 143
61 145
62 146
63 148
64 149
65 151
66 152
67 154
68 155
69 157
70 158
71 160
72 161
73 163
74 164
75 166
76 167
77 169
78 170
79 172
80 173
81 175
82 176
83 178
84 179
85 181
86 182
87 184
88 185
89 187
90 188
91 190
92 191
93 192
94 194
95 195
96 197
97 198
98 200
99 201
100 203
101 204
102 206
103 207
104 209
105 210
106 212
107 213
108 215
109 216
110 218
111 219
112 221
113 222
114 224
115 225
116 227
117 228
118 230
119 231
120 233
121 234
122 236
123 237
124 239
125 240
126 242
127 243
128 245
129 246
130 248
131 249
132 251
133 252
134 254
135 255
136 257
137 258
138 260
139 261
140 263
141 264
142 266
143 267
144 269
145 270
146 272
147 273
148 275
149 276
150 278
151 279
152 281
153 282
154 284
155 285
156 286
157 288
158 289
159 291
160 292
161 294
162 295
163 297
164 298
165 300
166 301
167 303
168 304
169 306
170 307
171 309
172 310
173 312
174 313
175 315
176 316
177 318
178 319
179 321
180 322
181 324
182 325
183 327
184 328
185 330
186 331
187 333
188 334
189 336
190 337
191 339
192 340
193 342
194 343
195 345
196 346
197 348
198 349
199 351
200 352
201 354
202 355
203 357
204 358
205 360
206 361
207 363
208 364
209 366
210 367
211 369
212 370
213 372
214 373
215 375
216 376
217 377
218 379
219 380
220 382
221 383
222 385
223 386
224 388
225 389
226 391
227 392
228 394
229 395
230 397
231 398
232 400
233 401
234 403
235 404
236 406
237 407
238 409
239 410
240 412
241 413
242 415
243 416
244 418
245 419
246 421
247 422
248 424
249 425
250 427
251 428
252 430
253 431
254 433
255 434
256 436
257 437
258 439
259 440
260 442
261 443
262 445
263 446
264 448
265 449
266 451
267 452
268 454
269 455
270 457
271 458
272 460
273 461
274 463
275 464
276 466
277 467
278 469
279 470
280 471
281 473
282 474
283 476
284 477
285 479
286 480
287 482
288 483
289 485
290 486
291 488
292 489
293 491
294 492
295 494
296 495
297 497
298 498
299 500
300 501
301 503
302 504
303 506
304 507
305 509
306 510
307 512
308 513
309 515
310 516
311 518
312 519
313 521
314 522
315 524
316 525
317 527
318 528
319 530
320 531
321 533
322 534
323 536
324 537
326 538
327 540
328 541
329 543
330 544
331 546
332 547
333 549
334 550
335 552
336 553
337 555
338 556
339 558
340 559
341 561
342 562
343 564
344 565
345 566
346 568
347 569
348 571
349 572
350 574
351 575
352 577
353 578
354 580
355 581
356 583
357 584
358 586
359 587
360 589
361 590
362 592
363 593
364 595
365 596
366 598
367 599
368 601
369 602
370 604
371 605
372 607
373 608
374 610
375 611
376 613
377 614
378 616
379 617
380 619
381 620
382 622
383 623
384 625
385 626
386 628
387 629
388 631
389 632
390 634
391 635
392 637
393 638
394 640
395 641
396 643
397 644
398 646
399 647
400 649
401 650
402 652
403 653
404 655
405 656
406 657
407 659
408 660
409 662
410 663
411 665
412 666
413 668
414 669
415 671
416 672
417 674
418 675
419 677
420 678
421 680
422 681
423 683
424 684
425 686
426 687
427 689
428 690
429 692
430 693
431 695
432 696
433 698
434 699
435 701
436 702
437 704
438 705
439 707
440 708
441 710
442 711
443 713
444 714
445 716
446 717
447 719
448 720
449 722
450 723
451 725
452 726
453 728
454 729
455 731
456 732
457 734
458 735
459 737
460 738
461 740
462 741
463 743
464 744
465 746
466 747
467 749
468 750
469 751
470 753
471 754
472 756
473 757
474 759
475 760
476 762
477 763
478 765
479 766
480 768
481 769
482 771
483 772
484 774
485 775
486 777
487 778
488 780
489 781
490 783
491 784
492 786
493 787
494 789
495 790
496 792
497 793
498 795
499 796
500 798
501 799
502 801
503 802
504 804
505 805
506 807
507 808
508 810
509 811
510 813
511 814
512 816
513 817
514 819
515 820
516 822
517 823
518 825
519 826
520 828
521 829
522 831
523 832
524 834
525 835
526 837
527 838
528 840
529 841
530 843
531 844
532 845
533 847
534 848
535 850
536 851
537 853
538 854
539 856
540 857
541 859
542 860
543 862
544 863
545 865
546 866
547 868
548 869
549 871
550 872
551 874
552 875
553 877
554 878
555 880
556 881
557 883
558 884
559 886
560 887
561 889
562 890
563 892
564 893
565 895
566 896
567 898
568 899
569 901
570 902
571 904
572 905
573 907
574 908
575 910
576 911
577 913
578 914
579 916
580 917
581 919
582 920
583 922
584 923
585 925
586 926
587 928
588 929
589 931
590 932
591 934
592 935
593 937
594 938
595 939
596 941
597 942
598 944
599 945
600 947
601 948
602 950
603 951
604 953
605 954
606 956
607 957
608 959
609 960
610 962
611 963
612 965
613 966
614 968
615 969
616 971
617 972
618 974
619 975
620 977
621 978
622 980
623 981
624 983
625 984
626 986
627 987
628 989
629 990
630 992
631 993
632 995
633 996
634 998
635 999
636 1001
637 1002
638 1004
639 1005
640 1007
641 1008
642 1010
643 1011
644 1013
645 1014
646 1016
647 1017
648 1019
649 1020
650 1022
651 1023
652 1025
653 1026
654 1028
655 1029
656 1031
657 1032
658 1034
659 1035
660 1036
661 1038
662 1039
663 1041
664 1042
665 1044
666 1045
667 1047
668 1048
669 1050
670 1051
671 1053
672 1054
673 1056
674 1057
675 1059
676 1060
677 1062
678 1063
679 1065
680 1066
681 1068
682 1069
683 1071
684 1072
685 1074
686 1075
687 1077
688 1078
689 1080
690 1081
691 1083
692 1084
693 1086
694 1087
695 1089
696 1090
697 1092
698 1093
699 1095
700 1096
701 1098
702 1099
703 1101
704 1102
705 1104
706 1105
707 1107
708 1108
709 1110
710 1111
711 1113
712 1114
713 1116
714 1117
715 1119
716 1120
717 1122
718 1123
719 1124
720 1126
721 1127
722 1129
723 1130
724 1132
725 1133
726 1135
727 1136
728 1138
729 1139
730 1141
731 1142
732 1144
733 1145
734 1147
735 1148
736 1150
737 1151
738 1153
739 1154
740 1156
741 1157
742 1159
743 1160
744 1162
745 1163
746 1165
747 1166
748 1168
749 1169
750 1171
751 1172
752 1174
753 1175
754 1177
755 1178
756 1180
757 1181
758 1183
759 1184
760 1186
761 1187
762 1189
763 1190
764 1192
765 1193
766 1195
767 1196
768 1198
769 1199
770 1201
771 1202
772 1204
773 1205
774 1207
775 1208
776 1210
777 1211
778 1213
779 1214
780 1216
781 1217
782 1219
783 1220
784 1221
785 1223
786 1224
787 1226
788 1227
789 1229
790 1230
791 1232
792 1233
793 1235
794 1236
795 1238
796 1239
797 1241
798 1242
799 1244
800 1245
801 1247
802 1248
803 1250
804 1251
805 1253
806 1254
807 1256
808 1257
809 1259
810 1260
811 1262
812 1263
813 1265
814 1266
815 1268
816 1269
817 1271
818 1272
819 1274
820 1275
821 1277
822 1278
823 1280
824 1281
825 1283
826 1284
827 1286
828 1287
829 1289
830 1290
831 1292
832 1293
833 1295
834 1296
835 1298
836 1299
837 1301
838 1302
839 1304
840 1305
841 1307
842 1308
843 1310
844 1311
845 1313
846 1314
847 1316
848 1317
849 1318
850 1320
851 1321
852 1323
853 1324
854 1326
855 1327
856 1329
857 1330
858 1332
859 1333
860 1335
861 1336
862 1338
863 1339
864 1341
865 1342
866 1344
867 1345
868 1347
869 1348
870 1350
871 1351
872 1353
873 1354
874 1356
875 1357
876 1359
877 1360
878 1362
879 1363
880 1365
881 1366
882 1368
883 1369
884 1371
885 1372
886 1374
887 1375
888 1377
889 1378
890 1380
891 1381
892 1383
893 1384
894 1386
895 1387
896 1389
897 1390
898 1392
899 1393
900 1395
901 1396
902 1398
903 1399
904 1401
905 1402
906 1404
907 1405
908 1407
909 1408
910 1409
911 1411
912 1412
913 1414
914 1415
915 1417
916 1418
917 1420
918 1421
919 1423
920 1424
921 1426
922 1427
923 1429
924 1430
925 1432
926 1433
927 1435
928 1436
929 1438
930 1439
931 1441
932 1442
933 1444
934 1445
935 1447
936 1448
937 1450
938 1451
939 1453
940 1454
941 1456
942 1457
943 1459
944 1460
945 1462
946 1463
947 1465
948 1466
949 1468
950 1469
951 1471
952 1472
953 1474
954 1475
955 1477
956 1478
957 1480
958 1481
959 1483
960 1484
961 1486
962 1487
963 1489
964 1490
965 1492
966 1493
967 1495
968 1496
969 1498
970 1499
971 1501
972 1502
973 1503
974 1505
975 1506
976 1508
977 1509
978 1511
979 1512
980 1514
981 1515
982 1517
983 1518
984 1520
985 1521
986 1523
987 1524
988 1526
989 1527
990 1529
991 1530
992 1532
993 1533
994 1535
995 1536
996 1538
997 1539
998 1541
999 1542
1000 1544
1001 1545
1002 1547
1003 1548
1004 1550
1005 1551
1006 1553
1007 1554
1008 1556
1009 1557
1010 1559
1011 1560
1012 1562
1013 1563
1014 1565
1015 1566
1016 1568
1017 1569
1018 1571
1019 1572
1020 1574
1021 1575
1022 1577
1023 1578
1024 1580
1025 1581
1026 1583
1027 1584
1028 1586
1029 1587
1030 1589
1031 1590
1032 1592
1033 1593
1034 1595
1035 1596
1036 1597
1037 1599
1038 1600
1039 1602
1040 1603
1041 1605
1042 1606
1043 1608
1044 1609
1045 1611
1046 1612
1047 1614
1048 1615
1049 1617
1050 1618
1051 1620
1052 1621
1053 1623
1054 1624
1055 1626
1056 1627
1057 1629
1058 1630
1059 1632
1060 1633
1061 1635
1062 1636
1063 1638
1064 1639
1065 1641
1066 1642
1067 1644
1068 1645
1069 1647
1070 1648
1071 1650
1072 1651
1073 1653
1074 1654
1075 1656
1076 1657
1077 1659
1078 1660
1079 1662
1080 1663
1081 1665
1082 1666
1083 1668
1084 1669
1085 1671
1086 1672
1087 1674
1088 1675
1089 1677
1090 1678
1091 1680
1092 1681
1093 1683
1094 1684
1095 1686
1096 1687
1097 1689
1098 1690
1099 1691
1100 1693
1101 1694
1102 1696
1103 1697
1104 1699
1105 1700
1106 1702
1107 1703
1108 1705
1109 1706
1110 1708
1111 1709
1112 1711
1113 1712
1114 1714
1115 1715
1116 1717
1117 1718
1118 1720
1119 1721
1120 1723
1121 1724
1122 1726
1123 1727
1124 1729
1125 1730
1126 1732
1127 1733
1128 1735
1129 1736
1130 1738
1131 1739
1132 1741
1133 1742
1134 1744
1135 1745
1136 1747
1137 1748
1138 1750
1139 1751
1140 1753
1141 1754
1142 1756
1143 1757
1144 1759
1145 1760
1146 1762
1147 1763
1148 1765
1149 1766
1150 1768
1151 1769
1152 1771
1153 1772
