0 25
1 27
2 28
3 30
4 31
5 33
6 34
7 36
8 37
9 70
10 72
11 73
12 75
13 76
14 78
15 149
16 151
17 152
18 154
19 155
20 157
21 158
22 160
23 161
24 163
25 164
26 166
27 167
28 169
29 170
30 172
31 173
32 175
33 176
34 178
35 179
36 181
37 182
38 183
39 185
40 186
41 188
42 189
43 191
44 192
45 194
46 195
47 197
48 198
49 200
50 201
51 203
52 204
53 206
54 207
55 209
56 210
57 212
58 213
59 215
60 216
61 218
62 219
63 221
64 222
65 224
66 225
67 227
68 228
69 230
70 231
71 233
72 234
73 236
74 237
75 239
76 240
77 242
78 243
79 245
80 246
81 248
82 249
83 251
84 252
85 254
86 255
87 257
88 258
89 260
90 261
91 263
92 264
93 266
94 267
95 269
96 270
97 272
98 273
99 275
100 276
101 277
102 279
103 280
104 282
105 283
106 285
107 286
108 288
109 289
110 291
111 292
112 294
113 295
114 297
115 298
116 300
117 301
118 303
119 304
120 306
121 307
122 309
123 310
124 312
125 313
126 315
127 316
128 318
129 319
130 321
131 322
132 324
133 325
134 327
135 328
136 330
137 331
138 333
139 334
140 336
141 337
142 339
143 340
144 342
145 343
146 345
147 346
148 348
149 349
150 350
151 351
152 353
153 354
154 356
155 357
156 359
157 360
158 362
159 363
160 365
161 366
162 368
163 369
164 371
165 372
166 374
167 375
168 376
169 378
170 379
171 381
172 382
173 384
174 385
175 387
176 388
177 390
178 391
179 393
180 394
181 396
182 397
183 399
184 400
185 402
186 403
187 405
188 406
189 408
190 409
191 411
192 412
193 414
194 415
195 417
196 418
197 420
198 421
199 423
200 424
201 426
202 427
203 429
204 430
205 432
206 433
207 435
208 436
209 438
210 439
211 441
212 442
213 444
214 445
215 447
216 448
217 450
218 451
219 453
220 454
221 456
222 457
223 459
224 460
225 462
226 463
227 465
228 466
229 467
230 469
231 470
232 472
233 473
234 475
235 476
236 478
237 479
238 481
239 482
240 484
241 485
242 487
243 488
244 490
245 491
246 493
247 494
248 496
249 497
250 499
251 500
252 502
253 503
254 505
255 506
256 508
257 509
258 511
259 512
260 514
261 515
262 517
263 518
264 520
265 521
266 523
267 524
268 526
269 527
270 529
271 530
272 532
273 533
274 535
275 536
276 538
277 539
278 541
279 542
280 544
281 545
282 547
283 548
284 550
285 551
286 553
287 554
288 556
289 557
290 558
291 560
292 561
293 563
294 564
295 566
296 567
297 569
298 570
299 572
300 573
301 575
302 576
303 578
304 579
305 581
306 582
307 584
308 585
309 587
310 588
311 590
312 591
313 593
314 594
315 596
316 597
317 599
318 600
319 602
320 603
321 605
322 606
323 608
324 609
325 611
326 612
327 614
328 615
329 617
330 618
331 620
332 621
333 623
334 624
335 626
336 627
337 629
338 630
339 632
340 633
341 635
342 636
343 638
344 639
345 641
346 642
347 644
348 645
349 647
350 648
351 650
352 651
353 653
354 654
355 655
356 657
357 658
358 660
359 661
360 663
361 664
362 666
363 667
364 669
365 670
366 672
367 673
368 675
369 676
370 678
371 679
372 681
373 682
374 684
375 685
376 687
377 688
378 690
379 691
380 693
381 694
382 696
383 697
384 699
385 700
386 702
387 703
388 705
389 706
390 708
391 709
392 711
393 712
394 714
395 715
396 717
397 718
398 720
399 721
400 723
401 724
402 726
403 727
404 729
405 730
406 732
407 733
408 735
409 736
410 738
411 739
412 741
413 742
414 744
415 745
416 746
417 748
418 749
419 751
420 752
421 754
422 755
423 757
424 758
425 760
426 761
427 763
428 764
429 766
430 767
431 769
432 770
433 772
434 773
435 775
436 776
437 778
438 779
439 781
440 782
441 784
442 785
443 787
444 788
445 790
446 791
447 793
448 794
449 796
450 797
451 799
452 800
453 802
454 803
455 805
456 806
457 808
458 809
459 811
460 812
461 814
462 815
463 817
464 818
465 820
466 821
467 823
468 824
469 826
470 827
471 829
472 830
473 832
474 833
475 835
476 836
477 838
478 839
479 840
480 842
481 843
482 845
483 846
484 848
485 849
486 851
487 852
488 854
489 855
490 857
491 858
492 860
493 861
494 863
495 864
496 866
497 867
498 869
499 870
500 872
501 873
502 875
503 876
504 878
505 879
506 881
507 882
508 884
509 885
510 887
511 888
512 890
513 891
514 893
515 894
516 896
517 897
518 899
519 900
520 902
521 903
522 905
523 906
524 908
525 909
526 911
527 912
528 914
529 915
530 917
531 918
532 920
533 921
534 923
535 924
536 926
537 927
538 929
539 930
540 932
541 933
542 935
543 936
544 937
545 939
546 940
547 942
548 943
549 945
550 946
551 948
552 949
553 951
554 952
555 954
556 955
557 956
558 958
559 959
560 961
561 962
562 964
563 965
564 967
565 968
566 970
567 971
568 973
569 974
570 976
571 977
572 979
573 980
574 982
575 983
576 985
577 986
578 988
579 989
580 991
581 992
582 994
583 995
584 997
585 998
586 1000
587 1001
588 1003
589 1004
590 1006
591 1007
592 1009
593 1010
594 1012
595 1013
596 1015
597 1016
598 1018
599 1019
600 1021
601 1022
602 1024
603 1025
604 1026
605 1028
606 1029
607 1031
608 1032
609 1034
610 1035
611 1037
612 1038
613 1040
614 1041
615 1043
616 1044
617 1046
618 1047
619 1049
620 1050
621 1052
622 1053
623 1055
624 1056
625 1058
626 1059
627 1061
628 1062
629 1064
630 1065
631 1067
632 1068
633 1070
634 1071
635 1073
636 1074
637 1076
638 1077
639 1079
640 1080
641 1082
642 1083
643 1085
644 1086
645 1088
646 1089
647 1091
648 1092
649 1094
650 1095
651 1097
652 1098
653 1100
654 1101
655 1103
656 1104
657 1106
658 1107
659 1109
660 1110
661 1112
662 1113
663 1115
664 1116
665 1118
666 1119
667 1120
668 1122
669 1123
670 1125
671 1126
672 1128
673 1129
674 1131
675 1132
676 1134
677 1135
678 1137
679 1138
680 1140
681 1141
682 1143
683 1144
684 1146
685 1147
686 1149
687 1150
688 1152
689 1153
690 1155
691 1156
692 1158
693 1159
694 1161
695 1162
696 1164
697 1165
698 1167
699 1168
700 1170
701 1171
702 1173
703 1174
704 1176
705 1177
706 1179
707 1180
708 1182
709 1183
710 1185
711 1186
712 1188
713 1189
714 1191
715 1192
716 1194
717 1195
718 1197
719 1198
720 1200
721 1201
722 1203
723 1204
724 1206
725 1207
726 1209
727 1210
728 1212
729 1213
730 1215
731 1216
732 1217
733 1219
734 1220
735 1222
736 1223
737 1225
738 1226
739 1228
740 1229
741 1231
742 1232
743 1234
744 1235
745 1237
746 1238
747 1240
748 1241
749 1243
750 1244
751 1246
752 1247
753 1249
754 1250
755 1252
756 1253
757 1255
758 1256
759 1257
760 1259
761 1260
762 1262
763 1263
764 1265
765 1266
766 1268
767 1269
768 1270
769 1272
770 1273
771 1275
772 1276
773 1278
774 1279
775 1281
776 1282
777 1284
778 1285
779 1287
780 1288
781 1290
782 1291
783 1293
784 1294
785 1296
786 1297
787 1299
788 1300
789 1302
790 1303
791 1305
792 1306
793 1307
794 1309
795 1310
796 1312
797 1313
798 1315
799 1316
800 1318
801 1319
802 1321
803 1322
804 1324
805 1325
806 1327
807 1328
808 1330
809 1331
810 1333
811 1334
812 1336
813 1337
814 1339
815 1340
816 1342
817 1343
818 1345
819 1346
820 1348
821 1349
822 1351
823 1352
824 1354
825 1355
826 1357
827 1358
828 1360
829 1361
830 1363
831 1364
832 1366
833 1367
834 1369
835 1370
836 1372
837 1373
838 1375
839 1376
840 1378
841 1379
842 1381
843 1382
844 1384
845 1385
846 1387
847 1388
848 1390
849 1391
850 1393
851 1394
852 1396
853 1397
854 1399
855 1400
856 1402
857 1403
858 1404
859 1406
860 1407
861 1409
862 1410
863 1412
864 1413
865 1415
866 1416
867 1418
868 1419
869 1421
870 1422
871 1424
872 1425
873 1427
874 1428
875 1430
876 1431
877 1433
878 1434
879 1436
880 1437
881 1439
882 1440
883 1442
884 1443
885 1445
886 1446
887 1448
888 1449
889 1451
890 1452
891 1454
892 1455
893 1457
894 1458
895 1460
896 1461
897 1463
898 1464
899 1466
900 1467
901 1469
902 1470
903 1472
904 1473
905 1475
906 1476
907 1478
908 1479
909 1481
910 1482
911 1484
912 1485
913 1487
914 1488
915 1490
916 1491
917 1493
918 1494
919 1496
920 1497
921 1498
922 1500
923 1501
924 1503
925 1504
926 1506
927 1507
928 1509
929 1510
930 1512
931 1513
932 1515
933 1516
934 1518
935 1519
936 1521
937 1522
938 1524
939 1525
940 1527
941 1528
942 1530
943 1531
944 1533
945 1534
946 1536
947 1537
948 1539
949 1540
950 1542
951 1543
952 1545
953 1546
954 1548
955 1549
956 1551
957 1552
958 1554
959 1555
960 1557
961 1558
962 1560
963 1561
964 1563
965 1564
966 1566
967 1567
968 1569
969 1570
970 1572
971 1573
972 1575
973 1576
974 1578
975 1579
976 1581
977 1582
978 1584
979 1585
980 1586
981 1588
982 1589
983 1591
984 1592
985 1594
986 1595
987 1597
988 1598
989 1600
990 1601
991 1603
992 1604
993 1606
994 1607
995 1609
996 1610
997 1612
998 1613
999 1615
1000 1616
1001 1618
1002 1619
1003 1621
1004 1622
1005 1624
1006 1625
1007 1627
1008 1628
1009 1630
1010 1631
1011 1633
1012 1634
1013 1636
1014 1637
1015 1639
1016 1640
1017 1642
1018 1643
1019 1645
1020 1646
1021 1648
1022 1649
1023 1651
1024 1652
1025 1654
1026 1655
1027 1657
1028 1658
1029 1660
1030 1661
1031 1663
1032 1664
1033 1666
1034 1667
1035 1669
1036 1670
1037 1672
1038 1673
1039 1675
1040 1676
1041 1678
1042 1679
1043 1681
1044 1682
1045 1683
1046 1685
1047 1687
1048 1688
1049 1689
1050 1691
1051 1692
1052 1694
1053 1695
1054 1697
1055 1698
1056 1700
1057 1701
1058 1703
1059 1704
1060 1706
1061 1707
1062 1709
1063 1710
1064 1712
1065 1713
1066 1715
1067 1716
1068 1718
1069 1719
1070 1721
1071 1722
1072 1724
1073 1725
1074 1727
1075 1728
1076 1730
1077 1731
1078 1733
1079 1734
1080 1736
1081 1737
1082 1739
1083 1740
1084 1742
1085 1743
1086 1745
1087 1746
1088 1748
1089 1749
1090 1751
1091 1752
1092 1754
1093 1755
1094 1757
1095 1758
1096 1760
1097 1761
1098 1763
1099 1764
1100 1766
1101 1767
1102 1769
1103 1770
1104 1772
1105 1773
1106 1775
1107 1776
1108 1778
1109 1779
1110 1780
1111 1782
1112 1783
