0 3
1 4
2 6
3 7
4 9
5 10
6 12
7 13
8 15
9 16
10 18
11 19
12 21
13 22
14 24
15 25
16 27
17 28
18 30
19 31
20 33
21 34
22 36
23 37
24 39
25 40
26 42
27 43
28 45
29 46
30 48
31 49
32 51
33 52
34 54
35 55
36 57
37 58
38 60
39 61
40 63
41 64
42 66
43 67
44 69
45 70
46 72
47 73
48 75
49 76
50 78
51 79
52 81
53 82
54 84
55 85
56 87
57 88
58 90
59 91
60 93
61 94
62 95
63 97
64 98
65 100
66 101
67 103
68 104
69 106
70 107
71 109
72 110
73 112
74 113
75 115
76 116
77 118
78 119
79 121
80 122
81 124
82 125
83 127
84 128
85 130
86 131
87 133
88 134
89 136
90 137
91 139
92 140
93 142
94 143
95 145
96 146
97 148
98 149
99 151
100 152
101 154
102 155
103 157
104 158
105 160
106 161
107 163
108 164
109 166
110 167
111 169
112 170
113 172
114 173
115 175
116 176
117 178
118 179
119 181
120 182
121 184
122 185
123 187
124 188
125 189
126 191
127 192
128 194
129 195
130 197
131 198
132 200
133 201
134 203
135 204
136 206
137 207
138 209
139 210
140 212
141 213
142 215
143 216
144 218
145 219
146 221
147 222
148 224
149 225
150 227
151 228
152 230
153 231
154 233
155 234
156 236
157 237
158 239
159 240
160 242
161 243
162 245
163 246
164 248
165 249
166 251
167 252
168 254
169 255
170 257
171 258
172 260
173 261
174 263
175 264
176 266
177 267
178 269
179 270
180 272
181 273
182 275
183 276
184 278
185 279
186 281
187 282
188 283
189 285
190 286
191 288
192 289
193 291
194 292
195 294
196 295
197 297
198 298
199 300
200 301
201 303
202 304
203 306
204 307
205 309
206 310
207 312
208 313
209 315
210 316
211 318
212 319
213 321
214 322
215 324
216 325
217 327
218 328
219 330
220 331
221 333
222 334
223 336
224 337
225 339
226 340
227 342
228 343
229 345
230 346
231 348
232 349
233 351
234 352
235 354
236 355
237 357
238 358
239 360
240 361
241 363
242 364
243 366
244 367
245 369
246 370
247 372
248 373
249 375
250 376
251 377
252 379
253 380
254 382
255 383
256 385
257 386
258 388
259 389
260 391
261 392
262 394
263 395
264 397
265 398
266 400
267 401
268 403
269 404
270 406
271 407
272 409
273 410
274 412
275 413
276 415
277 416
278 418
279 419
280 421
281 422
282 424
283 425
284 427
285 428
286 430
287 431
288 433
289 434
290 436
291 437
292 439
293 440
294 442
295 443
296 445
297 446
298 448
299 449
300 451
301 452
302 454
303 455
304 457
305 458
306 460
307 461
308 463
309 464
310 466
311 467
312 469
313 470
314 471
315 473
316 474
317 476
318 477
319 479
320 480
321 482
322 483
323 485
324 486
325 488
326 489
327 491
328 492
329 494
330 495
331 497
332 498
333 500
334 501
335 503
336 504
337 506
338 507
339 509
340 510
341 512
342 513
343 515
344 516
345 518
346 519
347 521
348 522
349 524
350 525
351 527
352 528
353 530
354 531
355 533
356 534
357 536
358 537
359 539
360 540
361 542
362 543
363 545
364 546
365 548
366 549
367 551
368 552
369 554
370 555
371 557
372 558
373 560
374 561
375 563
376 564
377 566
378 567
379 568
380 570
381 571
382 573
383 574
384 576
385 577
386 579
387 580
388 582
389 583
390 585
391 586
392 588
393 589
394 591
395 592
396 594
397 595
398 597
399 598
400 600
401 601
402 603
403 604
404 606
405 607
406 609
407 610
408 612
409 613
410 615
411 616
412 618
413 619
414 621
415 622
416 624
417 625
418 627
419 628
420 630
421 631
422 633
423 634
424 636
425 637
426 639
427 640
428 642
429 643
430 645
431 646
432 648
433 649
434 651
435 652
436 654
437 655
438 656
439 658
440 659
441 661
442 662
443 664
444 665
445 667
446 668
447 670
448 671
449 673
450 674
451 676
452 677
453 679
454 680
455 682
456 683
457 685
458 686
459 688
460 689
461 691
462 692
463 694
464 695
465 697
466 698
467 700
468 701
469 703
470 704
471 706
472 707
473 709
474 710
475 712
476 713
477 715
478 716
479 718
480 719
481 721
482 722
483 724
484 725
485 727
486 728
487 730
488 731
489 733
490 734
491 736
492 737
493 739
494 740
495 742
496 743
497 745
498 746
499 748
500 749
501 750
502 752
503 753
504 755
505 756
506 758
507 759
508 761
509 762
510 764
511 765
512 767
513 768
514 770
515 771
516 773
517 774
518 776
519 777
520 779
521 780
522 782
523 783
524 785
525 786
526 788
527 789
528 791
529 792
530 794
531 795
532 797
533 798
534 800
535 801
536 803
537 804
538 806
539 807
540 809
541 810
542 812
543 813
544 815
545 816
546 818
547 819
548 821
549 822
550 824
551 825
552 827
553 828
554 830
555 831
556 833
557 834
558 836
559 837
560 839
561 840
562 842
563 843
564 845
565 846
566 847
567 849
568 850
569 852
570 853
571 855
572 856
573 858
574 859
575 861
576 862
577 864
578 865
579 867
580 868
581 870
582 871
583 873
584 874
585 876
586 877
587 879
588 880
589 882
590 883
591 885
592 886
593 888
594 889
595 891
596 892
597 894
598 895
599 897
600 898
601 900
602 901
603 903
604 904
605 906
606 907
607 909
608 910
609 912
610 913
611 915
612 916
613 918
614 919
615 921
616 922
617 924
618 925
619 927
620 928
621 930
622 931
623 933
624 934
625 936
626 937
627 939
628 940
629 941
630 943
631 944
632 946
633 947
634 949
635 950
636 952
637 953
638 955
639 956
640 958
641 959
642 961
643 962
644 964
645 965
646 967
647 968
648 970
649 971
650 973
651 974
652 976
653 977
654 979
655 980
656 982
657 983
658 985
659 986
660 988
661 989
662 991
663 992
664 994
665 995
666 997
667 998
668 1000
669 1001
670 1003
671 1004
672 1006
673 1007
674 1009
675 1010
676 1012
677 1013
678 1015
679 1016
680 1018
681 1019
682 1021
683 1022
684 1024
685 1025
686 1027
687 1028
688 1030
689 1031
690 1033
691 1034
692 1035
693 1037
694 1038
695 1040
696 1041
697 1043
698 1044
699 1046
700 1047
701 1049
702 1050
703 1052
704 1053
705 1055
706 1056
707 1058
708 1059
709 1061
710 1062
711 1064
712 1065
713 1067
714 1068
715 1070
716 1071
717 1073
718 1074
719 1076
720 1077
721 1079
722 1080
723 1082
724 1083
725 1085
726 1086
727 1088
728 1089
729 1091
730 1092
731 1094
732 1095
733 1097
734 1098
735 1100
736 1101
737 1103
738 1104
739 1106
740 1107
741 1109
742 1110
743 1112
744 1113
745 1115
746 1116
747 1118
748 1119
749 1121
750 1122
751 1124
752 1125
753 1126
754 1128
755 1129
756 1131
757 1132
758 1134
759 1135
760 1137
761 1138
762 1140
763 1141
764 1143
765 1144
766 1146
767 1147
768 1149
769 1150
770 1152
771 1153
772 1155
773 1156
774 1158
775 1159
776 1161
777 1162
778 1164
779 1165
780 1167
781 1168
782 1170
783 1171
784 1173
785 1174
786 1176
787 1177
788 1179
789 1180
790 1182
791 1183
792 1185
793 1186
794 1188
795 1189
796 1191
797 1192
798 1194
799 1195
800 1197
801 1198
802 1200
803 1201
804 1203
805 1204
806 1206
807 1207
808 1209
809 1210
810 1212
811 1213
812 1215
813 1216
814 1218
815 1219
816 1221
817 1222
818 1223
819 1225
820 1226
821 1228
822 1229
823 1231
824 1232
825 1234
826 1235
827 1237
828 1238
829 1240
830 1241
831 1243
832 1244
833 1246
834 1247
835 1249
836 1250
837 1252
838 1253
839 1255
840 1256
841 1258
842 1259
843 1261
844 1262
845 1264
846 1265
847 1267
848 1268
849 1270
850 1271
851 1273
852 1274
853 1276
854 1277
855 1279
856 1280
857 1282
858 1283
859 1285
860 1286
861 1288
862 1289
863 1291
864 1292
865 1294
866 1295
867 1297
868 1298
869 1300
870 1301
871 1303
872 1304
873 1306
874 1307
875 1309
876 1310
877 1312
878 1313
879 1315
880 1316
881 1317
882 1319
883 1320
884 1322
885 1323
886 1325
887 1326
888 1328
889 1329
890 1331
891 1332
892 1334
893 1335
894 1337
895 1338
896 1340
897 1341
898 1343
899 1344
900 1346
901 1347
902 1349
903 1350
904 1352
905 1353
906 1355
907 1356
908 1358
909 1359
910 1361
911 1362
912 1364
913 1365
914 1367
915 1368
916 1370
917 1371
918 1373
919 1374
920 1376
921 1377
922 1379
923 1380
924 1382
925 1383
926 1385
927 1386
928 1388
929 1389
930 1391
931 1392
932 1394
933 1395
934 1397
935 1398
936 1400
937 1401
938 1403
939 1404
940 1406
941 1407
942 1408
943 1410
944 1411
945 1413
946 1414
947 1416
948 1417
949 1419
950 1420
951 1422
952 1423
953 1425
954 1426
955 1428
956 1429
957 1431
958 1432
959 1434
960 1435
961 1437
962 1438
963 1440
964 1441
965 1443
966 1444
967 1446
968 1447
969 1449
970 1450
971 1452
972 1453
973 1455
974 1456
975 1458
976 1459
977 1461
978 1462
979 1464
980 1465
981 1467
982 1468
983 1470
984 1471
985 1473
986 1474
987 1476
988 1477
989 1479
990 1480
991 1482
992 1483
993 1485
994 1486
995 1488
996 1489
997 1491
998 1492
999 1494
1000 1495
1001 1497
1002 1498
1003 1500
1004 1501
1005 1503
1006 1504
1007 1505
1008 1507
1009 1508
1010 1510
1011 1511
1012 1513
1013 1514
1014 1516
1015 1517
1016 1519
1017 1520
1018 1522
1019 1523
1020 1525
1021 1526
1022 1528
1023 1529
1024 1531
1025 1532
1026 1534
1027 1535
1028 1537
1029 1538
1030 1540
1031 1541
1032 1543
1033 1544
1034 1546
1035 1547
1036 1549
1037 1550
1038 1552
1039 1553
1040 1555
1041 1556
1042 1558
1043 1559
1044 1561
1045 1562
1046 1564
1047 1565
1048 1567
1049 1568
1050 1570
1051 1571
1052 1573
1053 1574
1054 1576
1055 1577
1056 1579
1057 1580
1058 1582
1059 1583
1060 1585
1061 1586
1062 1588
1063 1589
1064 1591
1065 1592
1066 1594
1067 1595
1068 1596
1069 1598
1070 1599
1071 1601
1072 1602
1073 1604
1074 1605
1075 1607
1076 1608
1077 1610
1078 1611
1079 1613
1080 1614
1081 1616
1082 1617
1083 1619
1084 1620
1085 1622
1086 1623
1087 1625
1088 1626
1089 1628
1090 1629
1091 1631
1092 1632
1093 1634
1094 1635
1095 1637
1096 1638
1097 1640
1098 1641
1099 1643
1100 1644
1101 1646
1102 1647
1103 1649
1104 1650
1105 1652
1106 1653
1107 1655
1108 1656
1109 1658
1110 1659
1111 1661
1112 1662
1113 1664
1114 1665
1115 1667
1116 1668
1117 1670
1118 1671
1119 1673
1120 1674
1121 1676
1122 1677
1123 1679
1124 1680
1125 1682
1126 1683
1127 1685
1128 1686
1129 1688
1130 1689
1131 1691
1132 1692
1133 1693
1134 1695
1135 1696
1136 1698
1137 1699
1138 1701
1139 1702
1140 1704
1141 1705
1142 1707
1143 1708
1144 1710
1145 1711
1146 1713
1147 1714
1148 1716
1149 1717
1150 1719
1151 1720
1152 1722
1153 1723
1154 1725
1155 1726
1156 1728
1157 1729
1158 1731
1159 1732
1160 1734
1161 1735
1162 1737
1163 1738
1164 1740
1165 1741
1166 1743
1167 1744
1168 1746
1169 1747
1170 1749
1171 1750
1172 1752
1173 1753
1174 1755
1175 1756
1176 1758
1177 1759
1178 1761
1179 1762
1180 1764
1181 1765
1182 1767
1183 1768
1184 1770
1185 1771
1186 1773
1187 1774
1188 1776
1189 1777
1190 1779
1191 1780
1192 1782
1193 1783
1194 1785
1195 1786
1196 1787
1197 1789
1198 1790
