0 167
1 253
2 258
3 259
4 261
5 262
6 264
7 265
8 267
9 268
10 270
11 271
12 273
13 274
14 276
15 277
16 279
17 280
18 281
19 283
20 284
21 286
22 287
23 289
24 290
25 292
26 293
27 295
28 296
29 298
30 299
31 301
32 302
33 304
34 305
35 307
36 308
37 310
38 311
39 313
40 314
41 316
42 317
43 319
44 320
45 322
46 323
47 325
48 326
49 328
50 329
51 331
52 332
53 334
54 335
55 337
56 338
57 340
58 341
59 343
60 344
61 346
62 347
63 349
64 350
65 352
66 353
67 355
68 356
69 358
70 359
71 361
72 362
73 364
74 365
75 367
76 368
77 370
78 371
79 372
80 374
81 375
82 377
83 378
84 380
85 381
86 383
87 384
88 386
89 387
90 389
91 390
92 392
93 393
94 395
95 396
96 398
97 399
98 401
99 402
100 404
101 405
102 407
103 408
104 410
105 411
106 413
107 414
108 416
109 417
110 419
111 420
112 422
113 423
114 425
115 426
116 428
117 429
118 431
119 432
120 434
121 435
122 437
123 438
124 440
125 441
126 443
127 444
128 446
129 447
130 449
131 450
132 452
133 453
134 455
135 456
136 458
137 459
138 461
139 462
140 464
141 465
142 466
143 468
144 469
145 471
146 472
147 474
148 475
149 477
150 478
151 480
152 481
153 483
154 484
155 486
156 487
157 488
158 490
159 491
160 493
161 494
162 496
163 497
164 499
165 500
166 502
167 503
168 505
169 506
170 508
171 509
172 511
173 512
174 514
175 515
176 517
177 518
178 520
179 521
180 523
181 524
182 526
183 527
184 529
185 530
186 532
187 533
188 535
189 536
190 538
191 539
192 541
193 542
194 544
195 545
196 547
197 548
198 550
199 551
200 553
201 554
202 556
203 557
204 558
205 560
206 561
207 563
208 564
209 566
210 567
211 569
212 570
213 572
214 573
215 575
216 576
217 578
218 579
219 581
220 582
221 584
222 585
223 587
224 588
225 590
226 591
227 593
228 594
229 596
230 597
231 599
232 600
233 602
234 603
235 605
236 606
237 608
238 609
239 611
240 612
241 614
242 615
243 617
244 618
245 620
246 621
247 623
248 624
249 626
250 627
251 629
252 630
253 632
254 633
255 635
256 636
257 638
258 639
259 641
260 642
261 644
262 645
263 647
264 648
265 650
266 651
267 653
268 654
269 655
270 657
271 658
272 660
273 661
274 663
275 664
276 666
277 667
278 669
279 670
280 672
281 673
282 675
283 676
284 678
285 679
286 681
287 682
288 684
289 685
290 687
291 688
292 690
293 691
294 693
295 694
296 696
297 697
298 699
299 700
300 702
301 703
302 705
303 706
304 708
305 709
306 711
307 712
308 714
309 715
310 717
311 718
312 720
313 721
314 723
315 724
316 726
317 727
318 729
319 730
320 732
321 733
322 735
323 736
324 738
325 739
326 741
327 742
328 744
329 745
330 746
331 748
332 749
333 751
334 752
335 754
336 755
337 757
338 758
339 760
340 761
341 763
342 764
343 766
344 767
345 769
346 770
347 772
348 773
349 775
350 776
351 778
352 779
353 781
354 782
355 784
356 785
357 787
358 788
359 790
360 791
361 793
362 794
363 796
364 797
365 799
366 800
367 802
368 803
369 805
370 806
371 808
372 809
373 811
374 812
375 814
376 815
377 817
378 818
379 820
380 821
381 823
382 824
383 826
384 827
385 829
386 830
387 832
388 833
389 835
390 836
391 838
392 839
393 841
394 842
395 843
396 845
397 846
398 848
399 849
400 851
401 852
402 854
403 855
404 857
405 858
406 860
407 861
408 863
409 864
410 866
411 867
412 869
413 870
414 872
415 873
416 875
417 876
418 878
419 879
420 881
421 882
422 884
423 885
424 887
425 888
426 890
427 891
428 893
429 894
430 896
431 897
432 899
433 900
434 902
435 903
436 905
437 906
438 908
439 909
440 911
441 912
442 914
443 915
444 917
445 918
446 920
447 921
448 923
449 924
450 926
451 927
452 929
453 930
454 932
455 933
456 934
457 936
458 937
459 939
460 940
461 942
462 943
463 945
464 946
465 948
466 949
467 951
468 952
469 954
470 955
471 957
472 958
473 960
474 961
475 963
476 964
477 966
478 967
479 969
480 970
481 972
482 973
483 975
484 976
485 978
486 979
487 981
488 982
489 984
490 985
491 987
492 988
493 990
494 991
495 993
496 994
497 996
498 997
499 999
500 1000
501 1002
502 1003
503 1005
504 1006
505 1008
506 1009
507 1011
508 1012
509 1014
510 1015
511 1017
512 1018
513 1020
514 1021
515 1023
516 1024
517 1026
518 1027
519 1028
520 1030
521 1031
522 1033
523 1034
524 1036
525 1037
526 1039
527 1040
528 1042
529 1043
530 1045
531 1046
532 1048
533 1049
534 1051
535 1052
536 1054
537 1055
538 1057
539 1058
540 1060
541 1061
542 1063
543 1064
544 1066
545 1067
546 1069
547 1070
548 1072
549 1073
550 1075
551 1076
552 1078
553 1079
554 1081
555 1082
556 1084
557 1085
558 1087
559 1088
560 1090
561 1091
562 1093
563 1094
564 1096
565 1097
566 1099
567 1100
568 1102
569 1103
570 1105
571 1106
572 1108
573 1109
574 1111
575 1112
576 1114
577 1115
578 1117
579 1118
580 1120
581 1121
582 1123
583 1124
584 1125
585 1127
586 1128
587 1130
588 1131
589 1133
590 1134
591 1136
592 1137
593 1139
594 1140
595 1142
596 1143
597 1145
598 1146
599 1148
600 1149
601 1151
602 1152
603 1154
604 1155
605 1157
606 1158
607 1160
608 1161
609 1163
610 1164
611 1166
612 1167
613 1169
614 1170
615 1172
616 1173
617 1175
618 1176
619 1178
620 1179
621 1181
622 1182
623 1184
624 1185
625 1187
626 1188
627 1190
628 1191
629 1193
630 1194
631 1196
632 1197
633 1199
634 1200
635 1202
636 1203
637 1205
638 1206
639 1208
640 1209
641 1211
642 1212
643 1214
644 1215
645 1216
646 1218
647 1219
648 1221
649 1222
650 1224
651 1225
652 1227
653 1228
654 1230
655 1231
656 1233
657 1234
658 1236
659 1237
660 1239
661 1240
662 1242
663 1243
664 1245
665 1246
666 1248
667 1249
668 1251
669 1252
670 1254
671 1255
672 1257
673 1258
674 1260
675 1261
676 1263
677 1264
678 1266
679 1267
680 1269
681 1270
682 1272
683 1273
684 1275
685 1276
686 1278
687 1279
688 1281
689 1282
690 1284
691 1285
692 1287
693 1288
694 1290
695 1291
696 1293
697 1294
698 1296
699 1297
700 1299
701 1300
702 1302
703 1303
704 1305
705 1306
706 1308
707 1309
708 1310
709 1312
710 1313
711 1315
712 1316
713 1318
714 1319
715 1321
716 1322
717 1324
718 1325
719 1327
720 1328
721 1330
722 1331
723 1333
724 1334
725 1336
726 1337
727 1339
728 1340
729 1342
730 1343
731 1345
732 1346
733 1348
734 1349
735 1351
736 1352
737 1354
738 1355
739 1357
740 1358
741 1360
742 1361
743 1363
744 1364
745 1366
746 1367
747 1369
748 1370
749 1372
750 1373
751 1375
752 1376
753 1378
754 1379
755 1381
756 1382
757 1384
758 1385
759 1387
760 1388
761 1390
762 1391
763 1393
764 1394
765 1396
766 1397
767 1399
768 1400
769 1402
770 1403
771 1404
772 1406
773 1407
774 1409
775 1410
776 1412
777 1413
778 1415
779 1416
780 1418
781 1419
782 1421
783 1422
784 1424
785 1425
786 1427
787 1428
788 1430
789 1431
790 1433
791 1434
792 1436
793 1437
794 1439
795 1440
796 1442
797 1443
798 1445
799 1446
800 1448
801 1449
802 1451
803 1452
804 1454
805 1455
806 1457
807 1458
808 1460
809 1461
810 1463
811 1464
812 1466
813 1467
814 1469
815 1470
816 1472
817 1473
818 1475
819 1476
820 1478
821 1479
822 1481
823 1482
824 1484
825 1485
826 1487
827 1488
828 1490
829 1491
830 1493
831 1494
832 1496
833 1497
834 1498
835 1500
836 1501
837 1503
838 1504
839 1506
840 1507
841 1509
842 1510
843 1512
844 1513
845 1515
846 1516
847 1518
848 1519
849 1521
850 1522
851 1524
852 1525
853 1527
854 1528
855 1530
856 1531
857 1533
858 1534
859 1536
860 1537
861 1539
862 1540
863 1542
864 1543
865 1545
866 1546
867 1548
868 1549
869 1551
870 1552
871 1554
872 1555
873 1557
874 1558
875 1560
876 1561
877 1563
878 1564
879 1566
880 1567
881 1569
882 1570
883 1572
884 1573
885 1575
886 1576
887 1578
888 1579
889 1581
890 1582
891 1584
892 1585
893 1587
894 1588
895 1590
896 1591
897 1593
898 1594
899 1595
900 1597
901 1598
902 1600
903 1601
904 1603
905 1604
906 1606
907 1607
908 1609
909 1610
910 1612
911 1613
912 1615
913 1616
914 1618
915 1619
916 1621
917 1622
918 1624
919 1625
920 1627
921 1628
922 1630
923 1631
924 1633
925 1634
926 1636
927 1637
928 1639
929 1640
930 1642
931 1643
932 1645
933 1646
934 1648
935 1649
936 1651
937 1652
938 1654
939 1655
940 1657
941 1658
942 1660
943 1661
944 1663
945 1664
946 1666
947 1667
948 1669
949 1670
950 1672
951 1673
952 1675
953 1676
954 1678
955 1679
956 1681
957 1682
958 1683
959 1685
960 1686
961 1688
962 1689
963 1691
964 1692
965 1694
966 1695
967 1697
968 1698
969 1700
970 1701
971 1703
972 1704
973 1706
974 1707
975 1709
976 1710
977 1712
978 1713
979 1715
980 1716
981 1718
982 1719
983 1721
984 1722
985 1724
986 1725
987 1727
988 1728
989 1730
990 1731
991 1733
992 1734
993 1736
994 1737
995 1739
996 1740
997 1742
998 1743
999 1745
1000 1746
1001 1748
1002 1749
1003 1751
1004 1752
1005 1754
1006 1755
1007 1757
1008 1758
1009 1760
1010 1761
1011 1763
1012 1764
1013 1766
1014 1767
1015 1769
1016 1770
1017 1772
1018 1773
1019 1775
1020 1776
1021 1778
1022 1779
1023 1780
1024 1782
1025 1783
1026 1785
1027 1786
1028 1788
1029 1789
