# timestamp tx ty tz qx qy qz qw
0.399999999 0.009427611716091633 -0.07536633312702179 0.07861848920583725 0.0048597510904073715 0.0017004547407850623 -0.0033322793897241354 0.999981164932251
0.499999999 0.012696471996605396 -0.10511679947376251 0.1063399463891983 0.007458698935806751 0.002915455959737301 -0.003430015640333295 0.9999620318412781
0.533333333 0.012455485761165619 -0.11657460033893585 0.11545732617378235 0.007777341641485691 0.0036697993054986 -0.003513697301968932 0.9999568462371826
0.566666666 0.010099995881319046 -0.12625974416732788 0.11970119923353195 0.007678923197090626 0.004234127700328827 -0.005189542192965746 0.9999480843544006
0.6 0.020613577216863632 -0.13434498012065887 0.12317376583814621 0.007877162657678127 0.003519392106682062 -0.005065952427685261 0.9999499320983887
0.633333333 0.023999903351068497 -0.15024471282958984 0.12243089824914932 0.0067896610125899315 0.003413763362914324 -0.005924175027757883 0.99995356798172
0.666666666 0.027028510347008705 -0.15699011087417603 0.12678702175617218 0.006745732855051756 0.003383616916835308 -0.006953289266675711 0.9999473690986633
0.7 0.03413733094930649 -0.16272856295108795 0.10934538394212723 0.003176482394337654 0.0017649952787905931 -0.006808147765696049 0.9999702572822571
0.733333333 0.03750574216246605 -0.17455866932868958 0.11112841963768005 0.002315540798008442 0.00037120000342838466 -0.008225222118198872 0.9999634623527527
0.766666666 0.03942805156111717 -0.18745386600494385 0.11359581351280212 0.0015429130289703608 -0.0012452000519260764 -0.00911850854754448 0.999956488609314
0.799999999 0.034222014248371124 -0.20494887232780457 0.11406917124986649 8.600187720730901e-05 -0.0020430469885468483 -0.010200667195022106 0.999945878982544
0.833333333 0.039030686020851135 -0.20520105957984924 0.11867671459913254 0.0013329021167010069 -0.0037809417117387056 -0.01087016612291336 0.9999328851699829
0.866666666 0.030658239498734474 -0.2307533621788025 0.12088152021169662 -0.0007434865110553801 -0.0030692443251609802 -0.009844550862908363 0.9999465942382812
0.899999999 0.0254590455442667 -0.2517322599887848 0.12808991968631744 -0.00209595775231719 -0.00279120821505785 -0.00991988554596901 0.9999446868896484
0.933333333 0.02334795892238617 -0.24655112624168396 0.13020755350589752 0.0006822792929597199 -0.0037812250666320324 -0.010556190274655819 0.9999369382858276
0.966666666 -0.0037391213700175285 -0.16078686714172363 0.08488736301660538 -0.0003334633947815746 -0.0010272040963172913 -0.012404227629303932 0.999922513961792
0.999999999 -0.006537358742207289 -0.17578862607479095 0.09119100123643875 -0.0019680706318467855 -0.0011250359239056706 -0.012500526383519173 0.9999192953109741
1.033333333 -0.010358035564422607 -0.18089896440505981 0.09826886653900146 -0.0013716939138248563 -0.0003790436021517962 -0.012552285566926003 0.9999202489852905
1.066666666 -0.010497646406292915 -0.19144417345523834 0.10722178965806961 -0.0021211483981460333 -0.0001132763281930238 -0.011799627915024757 0.9999281764030457
1.1 -0.0120230196043849 -0.1984134167432785 0.11444603651762009 -0.0019395455019548535 0.0003108738746959716 -0.012431048788130283 0.9999207854270935
1.133333333 -0.012017832137644291 -0.20912525057792664 0.12080945819616318 -0.002682251390069723 0.00039678867324255407 -0.012651937082409859 0.9999163150787354
1.166666666 -0.007715960964560509 -0.22193849086761475 0.12742844223976135 -0.003681488800793886 -0.0004821876937057823 -0.012822403572499752 0.9999108910560608
1.2 -0.012181393802165985 -0.22372950613498688 0.13610808551311493 -0.001965510193258524 0.00071166199631989 -0.013457493856549263 0.9999073147773743
1.233333333 -0.01083111297339201 -0.17405569553375244 0.11539233475923538 0.0035981563851237297 0.0009671159787103534 -0.014386195689439774 0.999889612197876
1.2666666659999999 -0.009784605354070663 -0.1809377372264862 0.1210956946015358 0.00402644881978631 0.0006810456397943199 -0.01490642037242651 0.9998805522918701
1.3 -0.00911551434546709 -0.19564546644687653 0.12719398736953735 0.0022398976143449545 0.00033657628227956593 -0.015228740870952606 0.9998815059661865
1.3333333330000001 -0.007171549368649721 -0.19698452949523926 0.13234546780586243 0.004424015525728464 -9.120655158767477e-05 -0.01573069766163826 0.9998664855957031
1.366666666 -0.00816331710666418 -0.20765110850334167 0.14180919528007507 0.003686876269057393 0.0002332402509637177 -0.016144074499607086 0.9998628497123718
1.4 -0.005692330189049244 -0.21428027749061584 0.14763881266117096 0.004152115434408188 -0.0006626322865486145 -0.017234330996870995 0.9998427033424377
1.433333333 -0.007061587180942297 -0.21986891329288483 0.1566019058227539 0.004879997111856937 -0.00031605898402631283 -0.0174669548869133 0.9998354911804199
1.466666666 -0.011611326597630978 -0.23087537288665771 0.16539382934570312 0.0038530053570866585 0.0006812963401898742 -0.018569201231002808 0.9998199343681335
1.5 -0.005067035555839539 -0.13099485635757446 0.0952843651175499 0.004768144339323044 -0.000743396463803947 -0.01808825507760048 0.9998247623443604
1.5333333329999999 -0.005884804297238588 -0.1348053514957428 0.10021504759788513 0.004625820554792881 -0.0012349707540124655 -0.01920180208981037 0.9998041391372681
1.5666666660000002 -0.006232048384845257 -0.1384899616241455 0.10408330708742142 0.004313554614782333 -0.0018850399646908045 -0.02038523368537426 0.9997811317443848
1.6 -0.007920232601463795 -0.14139945805072784 0.10793893784284592 0.004414448514580727 -0.0013993906322866678 -0.020792542025446892 0.9997730851173401
1.633333333 -0.005599409807473421 -0.14244648814201355 0.11298864334821701 0.005520956590771675 -0.0028559300117194653 -0.020599525421857834 0.9997684955596924
1.666666666 -0.006524831987917423 -0.14689931273460388 0.11561830341815948 0.004904358182102442 -0.0033257589675486088 -0.02110772393643856 0.9997596740722656
1.7 -0.007374082691967487 -0.14998388290405273 0.11957111209630966 0.004967986606061459 -0.004064169246703386 -0.021463045850396156 0.9997490644454956
1.733333333 -0.009177370928227901 -0.1553741991519928 0.12339217960834503 0.0036800457164645195 -0.004334376659244299 -0.022050075232982635 0.999740719795227
1.7666666659999999 -0.0025342791341245174 -0.05023546889424324 0.04074420407414436 0.005464618094265461 -0.006164160557091236 -0.022264184430241585 0.9997182488441467
1.8 -0.0032834752928465605 -0.05184615030884743 0.041709303855895996 0.0042657810263335705 -0.006019768305122852 -0.02301279827952385 0.9997079968452454
1.8333333330000001 -0.0037729504983872175 -0.052229225635528564 0.04264511913061142 0.004810357000678778 -0.005570298060774803 -0.022669747471809387 0.9997159242630005
1.866666666 -0.0032556173391640186 -0.05344424769282341 0.04350218176841736 0.0038680112920701504 -0.006386724300682545 -0.021932311356067657 0.9997316002845764
1.9 -0.0029930458404123783 -0.05419177561998367 0.044124785810709 0.0036016369704157114 -0.006556116044521332 -0.021764537319540977 0.9997351765632629
1.933333333 -0.003730428172275424 -0.05615910142660141 0.044960275292396545 0.0008749059052206576 -0.004843700211495161 -0.02201210707426071 0.9997456073760986
1.966666666 -0.0026065041311085224 -0.05595322325825691 0.04552995786070824 0.0019372367532923818 -0.006182681303471327 -0.021608181297779083 0.9997455477714539
2.0 -0.0022240623366087675 -0.056451231241226196 0.04620301350951195 0.0014499492244794965 -0.006883034948259592 -0.0227491557598114 0.9997164607048035
2.033333333 -0.00038119714008644223 -0.05006282776594162 0.043971750885248184 0.009017343632876873 -0.009345399215817451 -0.02044088952243328 0.9997067451477051
2.066666666 -0.00016486027743667364 -0.050146061927080154 0.044534094631671906 0.009260928258299828 -0.009583068080246449 -0.02089032344520092 0.999692976474762
2.1 -0.00019562456873245537 -0.050669871270656586 0.04481677711009979 0.008846803568303585 -0.009555808268487453 -0.020911477506160736 0.9996964931488037
2.133333333 -0.0003016070113517344 -0.05152171105146408 0.04548604041337967 0.007875528186559677 -0.009610413573682308 -0.02023380436003208 0.9997180700302124
2.166666666 -0.0011101074051111937 -0.052132584154605865 0.045838288962841034 0.007015160750597715 -0.008837669156491756 -0.020800944417715073 0.9997199773788452
2.2 -0.001050150953233242 -0.052590906620025635 0.0463620088994503 0.006610957905650139 -0.010024947114288807 -0.020661069080233574 0.9997144341468811
2.233333333 -0.0014559493865817785 -0.0528535470366478 0.046948689967393875 0.006496461108326912 -0.010390596464276314 -0.020644720643758774 0.999711811542511
2.266666666 -0.0013948335545137525 -0.053540267050266266 0.04752165451645851 0.00593687454238534 -0.011005508713424206 -0.019550181925296783 0.9997307062149048
2.3 -0.0020859255455434322 -0.05394916981458664 0.04836422577500343 0.005971830803900957 -0.010042347945272923 -0.018756037577986717 0.999755859375
2.333333333 -0.0023932140320539474 -0.05492659658193588 0.048613812774419785 0.003611032385379076 -0.009537803940474987 -0.017651492729783058 0.999792218208313
2.366666666 -0.002447997685521841 -0.055104151368141174 0.04950306937098503 0.004278915468603373 -0.009145299904048443 -0.015494485385715961 0.9998289942741394
2.4 -0.002924469066783786 -0.05678305774927139 0.05039459094405174 0.00248044915497303 -0.008268688805401325 -0.014563323929905891 0.99985671043396
2.433333333 -0.002913406351581216 -0.056912440806627274 0.051418326795101166 0.0033284230157732964 -0.009153546765446663 -0.014891273342072964 0.9998416900634766
2.466666666 -0.002896656049415469 -0.0580400787293911 0.05227786302566528 0.0027133107651025057 -0.010701400227844715 -0.015855485573410988 0.9998133778572083
2.5 -0.0031262345146387815 -0.059151675552129745 0.05325722694396973 0.0021768654696643353 -0.011636803857982159 -0.017478788271546364 0.9997771382331848
2.533333333 -0.0030362920369952917 -0.06026226654648781 0.05417672172188759 0.002081238431856036 -0.012265149503946304 -0.01780964620411396 0.9997640252113342
2.566666666 -0.002686887513846159 -0.061068836599588394 0.055222343653440475 0.0028646017890423536 -0.012318819761276245 -0.01751374453306198 0.9997666478157043
2.6 0.004227044992148876 0.05047933757305145 0.001124691218137741 0.931083619594574 -0.029856406152248383 -0.006304644979536533 -0.36352744698524475
2.633333333 0.005272326525300741 0.05216647684574127 0.0011595524847507477 0.9309876561164856 -0.03014158084988594 -0.00601307675242424 -0.36375442147254944
4.199999999 -0.016978086903691292 -0.05986456200480461 0.1087869256734848 0.0009665676625445485 0.0005393300671130419 -9.834269440034404e-05 0.999999463558197
4.299999999 -0.029836926609277725 -0.10191825032234192 0.14921750128269196 0.003113066079095006 0.004369684029370546 -0.0006859942222945392 0.99998539686203
4.333333333 -0.0244339257478714 -0.11083711683750153 0.16180846095085144 0.00402434915304184 0.0045140464790165424 -0.0007136172498576343 0.9999814629554749
4.366666666 -0.03714019060134888 -0.13352134823799133 0.18209713697433472 0.002664386760443449 0.007102146279066801 -0.002102989237755537 0.9999690651893616
4.399999999 -0.016766807064414024 -0.11848373711109161 0.1882668137550354 0.006053190678358078 0.005690410733222961 -0.0009243839886039495 0.9999650716781616
4.433333333 -0.02507716417312622 -0.1600055992603302 0.20089097321033478 0.0019177466165274382 0.007366474252194166 -0.002393929287791252 0.9999681711196899
4.466666666 -0.01552632823586464 -0.14898501336574554 0.21903415024280548 0.004036333411931992 0.0067990184761583805 -0.002795896027237177 0.9999648332595825
4.499999999 0.03539317101240158 -0.15137003362178802 0.14699837565422058 7.432188431266695e-05 -0.0003367377503309399 0.0032196317333728075 0.9999947547912598
4.533333333 0.0377056784927845 -0.15314719080924988 0.15913663804531097 0.0006185052334330976 -0.0011665171477943659 0.0025015645660459995 0.9999960064888
4.566666666 0.034861572086811066 -0.15680116415023804 0.16748347878456116 0.0010574347106739879 -0.0014711746480315924 0.0018547734944149852 0.9999966621398926
4.599999999 0.0352148711681366 -0.1635819673538208 0.1809549778699875 0.0012341279070824385 -0.0025098526384681463 0.001572296372614801 0.9999948740005493
4.633333333 0.03808338940143585 -0.1712992787361145 0.1918279528617859 0.0014033701736479998 -0.004213395528495312 0.002157939365133643 0.9999878406524658
4.666666666 0.03407954424619675 -0.1771407425403595 0.20272719860076904 0.001975356601178646 -0.004822958260774612 0.0022878656163811684 0.9999838471412659
4.699999999 0.026495132595300674 -0.2029087245464325 0.21316847205162048 -0.0006520745810121298 -0.004692111164331436 0.0030851748306304216 0.9999840259552002
4.733333333 0.027024177834391594 -0.21279022097587585 0.22242946922779083 -0.0005241452599875629 -0.005875548347830772 0.004270989913493395 0.999973475933075
4.766666666 -0.005622621160000563 -0.17694419622421265 0.21224558353424072 0.004107343498617411 -0.0023212088271975517 -0.0015544522320851684 0.9999876618385315
4.799999999 -0.00796621572226286 -0.1855975091457367 0.2232629805803299 0.003986030351370573 -0.003110280493274331 -0.001121451030485332 0.9999865889549255
4.833333333 -0.010709898546338081 -0.18739737570285797 0.2351139485836029 0.005124166142195463 -0.003751543816179037 -0.0013102366356179118 0.9999790191650391
4.866666666 -0.01586011052131653 -0.19686105847358704 0.24524404108524323 0.00472675496712327 -0.0036783700343221426 -0.0016274739755317569 0.9999807476997375
4.899999999 -0.019532088190317154 -0.20184293389320374 0.2561364471912384 0.005112284328788519 -0.0034741417039185762 -0.0017384547973051667 0.9999794363975525
4.933333333 -0.021735701709985733 -0.21024282276630402 0.2659447193145752 0.005177848506718874 -0.003526607993990183 -0.002157829236239195 0.9999780654907227
4.966666666 -0.02032966911792755 -0.21764589846134186 0.2745040953159332 0.005405987612903118 -0.004046361893415451 -0.002328992122784257 0.9999744892120361
4.999999999 -0.022398529574275017 -0.2305832803249359 0.282586932182312 0.00456051342189312 -0.003798126010224223 -0.002638397039845586 0.9999788999557495
5.033333333 -0.018718035891652107 -0.2042185664176941 0.24823281168937683 0.0044823684729635715 -0.0037329881452023983 -0.002245161682367325 0.9999804496765137
5.066666666 -0.01979372650384903 -0.20885595679283142 0.2556578814983368 0.004938516300171614 -0.0032303419429808855 -0.0029187144245952368 0.9999783635139465
5.099999999 -0.019314071163535118 -0.22617743909358978 0.2605062425136566 0.0028165148105472326 -0.0028966092504560947 -0.0029608928598463535 0.9999874830245972
5.133333333 -0.016718333587050438 -0.23202544450759888 0.2665129601955414 0.003197713289409876 -0.0028206577990204096 -0.0031964501831680536 0.9999858140945435
5.166666666 -0.014495004899799824 -0.23598121106624603 0.2724297046661377 0.003914478700608015 -0.0027960464358329773 -0.003673479426652193 0.999981701374054
5.199999999 -0.011998378671705723 -0.24145643413066864 0.2773885130882263 0.004269386641681194 -0.0025679755490273237 -0.003450777381658554 0.9999816417694092
5.233333333 -0.004345584195107222 -0.25277963280677795 0.2837423086166382 0.003523995401337743 -0.003272313391789794 -0.0028797860722988844 0.9999843239784241
5.266666666 -0.007226758636534214 -0.2593080401420593 0.2924533486366272 0.003522977465763688 -0.00208368431776762 -0.003647137898951769 0.9999849796295166
5.299999999 -0.007223577704280615 -0.19479799270629883 0.212396502494812 0.001251787762157619 -0.0011749046389013529 -0.004725523293018341 0.9999873638153076
5.333333333 -0.006453308742493391 -0.19664371013641357 0.21947862207889557 0.002275798935443163 -0.000984928454272449 -0.004350597970187664 0.9999874830245972
5.366666666 -0.005668313708156347 -0.1974419355392456 0.22604043781757355 0.0037642286624759436 -0.000545149203389883 -0.004242336377501488 0.9999837875366211
5.399999999 -0.006162785924971104 -0.20493373274803162 0.23259049654006958 0.00362570583820343 0.00043095002183690667 -0.0040151579305529594 0.9999852776527405
5.433333333 -0.004461390897631645 -0.2087341696023941 0.23994626104831696 0.0043768566101789474 0.00035749099333770573 -0.003949395846575499 0.9999825954437256
5.466666666 -0.0021766023710370064 -0.21440495550632477 0.24478325247764587 0.00539183197543025 -0.00038726229104213417 -0.003873859066516161 0.9999778866767883
5.499999999 -0.0032411771826446056 -0.22123003005981445 0.2520090341567993 0.005891923792660236 -0.00016638336819596589 -0.004776367451995611 0.9999712705612183
5.533333333 -0.0031566910911351442 -0.2303452491760254 0.25958478450775146 0.005703584291040897 -3.0462078939308412e-06 -0.004534538369625807 0.999973475933075
5.566666666 -0.0015329176094383001 -0.23092660307884216 0.26530417799949646 0.00815374031662941 -0.00026209541829302907 -0.0043516312725842 0.999957263469696
5.599999999 0.004264312330633402 -0.23031273484230042 0.2629241645336151 0.009150391444563866 -0.0017330007394775748 -0.00235347100533545 0.9999538660049438
5.633333333 0.004532036371529102 -0.24178524315357208 0.2689782977104187 0.008268565870821476 -0.0017676347633823752 -0.002085568616166711 0.9999620914459229
5.666666666 0.0030003476422280073 -0.24456198513507843 0.2751828134059906 0.00985520239919424 -0.0014531570486724377 -0.0023704650811851025 0.9999476075172424
5.699999999 0.0015208523254841566 -0.24875961244106293 0.28176426887512207 0.010911605320870876 -0.0014056980144232512 -0.002832907484844327 0.999935507774353
5.733333333 0.0003286271821707487 -0.25781723856925964 0.28714677691459656 0.01056272815912962 -0.0014120382256805897 -0.0029873265884816647 0.9999387860298157
5.766666666 0.0033218583557754755 -0.2643524408340454 0.29322415590286255 0.010734534822404385 -0.0023102578707039356 -0.0022788518108427525 0.999937117099762
5.799999999 0.0018992561381310225 -0.27313369512557983 0.2978619933128357 0.009934810921549797 -0.0019143507815897465 -0.0024983040057122707 0.9999457001686096
5.833333333 -0.01012355275452137 -0.12417341023683548 0.12433045357465744 0.0011690559331327677 0.005184123292565346 -0.005673397798091173 0.9999697804450989
5.866666666 -0.010765613988041878 -0.12326400727033615 0.12742286920547485 0.003430155338719487 0.005091269500553608 -0.006030801218003035 0.9999629855155945
5.899999999 -0.011487710289657116 -0.1281794160604477 0.12897932529449463 0.00119445298332721 0.005048613995313644 -0.006013487000018358 0.9999684691429138
5.933333333 -0.01199907436966896 -0.12980151176452637 0.1314452439546585 0.001416852348484099 0.004503497388213873 -0.006207902450114489 0.9999696016311646
5.966666666 -0.01419710274785757 -0.1315276026725769 0.13374628126621246 0.001424763584509492 0.00548254419118166 -0.006837807595729828 0.9999606013298035
5.999999999 -0.013497627340257168 -0.1319340467453003 0.1360599547624588 0.0025533889420330524 0.004802780691534281 -0.0060577718541026115 0.9999668598175049
6.033333333 -0.013510331511497498 -0.13260924816131592 0.1377256065607071 0.0034680922981351614 0.004184609744697809 -0.006300165317952633 0.9999653697013855
6.066666666 -0.014451739378273487 -0.13474224507808685 0.1407245248556137 0.0029557219240814447 0.00432448647916317 -0.00708815036341548 0.9999611973762512
6.099999999 -0.010281284339725971 -0.24069173634052277 0.25147515535354614 0.006101069040596485 -0.0020253437105566263 -0.003809896297752857 0.9999721050262451
6.133333333 -0.0096339276060462 -0.24065737426280975 0.25562217831611633 0.007295449264347553 -0.0023480236995965242 -0.004273964092135429 0.9999615550041199
6.166666666 -0.01045874785631895 -0.2505638897418976 0.2585825026035309 0.004798232112079859 -0.0019107726402580738 -0.004628803580999374 0.9999759793281555
6.199999999 -0.010735483840107918 -0.25530534982681274 0.2614368796348572 0.0044030239805579185 -0.0012720455415546894 -0.0048495070077478886 0.9999777674674988
6.233333333 -0.010621520690619946 -0.25819161534309387 0.26615020632743835 0.004765584599226713 -0.0004388740344438702 -0.005221793428063393 0.9999749660491943
6.266666666 -0.00995502807199955 -0.26764702796936035 0.2686397135257721 0.0027132006362080574 -0.00017798689077608287 -0.005763189401477575 0.9999796748161316
6.299999999 -0.009411279112100601 -0.2738878130912781 0.27302297949790955 0.00207880767993629 -8.75277619343251e-05 -0.007110436912626028 0.9999725818634033
6.333333333 -0.007549217902123928 -0.2768765389919281 0.27615901827812195 0.0027516016270965338 -0.0006081264000386 -0.007920552045106888 0.9999646544456482
6.366666666 0.0005371231818571687 0.06733093410730362 0.0025138258934020996 0.9329034090042114 -0.015051155351102352 0.00530997896566987 -0.35977286100387573
6.399999999 0.0006985942600294948 0.07119762152433395 0.0035789906978607178 0.9329614043235779 -0.01390369888395071 0.005730635020881891 -0.359662264585495
7.466666666 0.015556355938315392 -0.06368935108184814 0.14322218298912048 0.003903747769072652 2.2085663658799604e-05 -0.002375037409365177 0.9999895691871643
7.533333333 0.007980243302881718 -0.0869225487112999 0.1571086347103119 0.004471466410905123 0.001035889144986868 -0.0020615810062736273 0.9999873638153076
7.566666666 0.013896972872316837 -0.08407151699066162 0.16578109562397003 0.006831651087850332 0.00027848451281897724 -0.0017729386454448104 0.9999750852584839
7.599999999 0.00520291505381465 -0.09017688035964966 0.18940535187721252 0.007331791799515486 0.0015329509042203426 -0.0034599988721311092 0.9999659657478333
7.633333333 0.004514005035161972 -0.10754935443401337 0.1972953826189041 0.007182770408689976 0.0018537221476435661 -0.0026401083450764418 0.9999690055847168
7.666666666 0.00914000067859888 -0.11045169085264206 0.21212710440158844 0.00855334848165512 0.0014975987141951919 -0.0022166951093822718 0.9999598264694214
7.699999999 0.011616881005465984 -0.1097603589296341 0.23181821405887604 0.010449707508087158 0.001116155064664781 -0.0034739109687507153 0.9999387860298157
7.733333333 0.009486265480518341 -0.12965640425682068 0.24374590814113617 0.009845897555351257 0.0016130589647218585 -0.005528182256966829 0.99993497133255
7.766666666 0.009498131461441517 -0.20753255486488342 0.17360511422157288 -0.0045113591477274895 0.0015708061400800943 -0.001984067028388381 0.9999866485595703
7.799999999 0.009464770555496216 -0.2221195250749588 0.18643121421337128 -0.00470601674169302 0.002222568029537797 -0.002032678574323654 0.9999843835830688
7.833333333 0.017752422019839287 -0.2440597414970398 0.1981617510318756 -0.006260032765567303 0.0015313178300857544 -0.00256433361209929 0.9999759793281555
7.866666666 0.023919451981782913 -0.16186966001987457 0.2016637772321701 0.010724080726504326 0.0011858309153467417 -0.0032936937641352415 0.9999364018440247
7.899999999 0.01583278365433216 -0.27598124742507935 0.2262648493051529 -0.0072764186188578606 0.003050515428185463 -0.003809500951319933 0.9999616146087646
7.933333333 0.019237609580159187 -0.3008144199848175 0.23822756111621857 -0.009075108915567398 0.003402954898774624 -0.00360365048982203 0.9999465346336365
7.966666666 0.036541663110256195 -0.2947418689727783 0.24594973027706146 -0.0058429003693163395 0.0012869922211393714 -0.0033052752260118723 0.999976634979248
7.999999999 0.047097768634557724 -0.23099590837955475 0.2468034327030182 0.007884897291660309 0.0004173863271716982 -0.002175562782213092 0.9999665021896362
8.033333333 -0.0005252638948149979 0.004738537594676018 -0.022932950407266617 0.030453607439994812 0.002063477411866188 0.01865926757454872 0.9993599057197571
8.366666666 -0.04932215437293053 -0.019912751391530037 0.11140748113393784 0.009283297695219517 0.006276337895542383 -0.0012696817284449935 0.9999364018440247
8.433333333 -0.014628133736550808 -0.056562524288892746 0.152601957321167 0.007392470259219408 0.002192475600168109 0.0010147623252123594 0.9999697804450989
8.466666666 -0.021107621490955353 -0.05809464678168297 0.16540883481502533 0.0087355375289917 0.002000667154788971 0.0006993920542299747 0.9999596476554871
8.499999999 -0.01176469400525093 -0.075249083340168 0.184605211019516 0.008655142970383167 0.00020676259009633213 0.002564831171184778 0.9999592304229736
8.533333333 -0.0019897017627954483 -0.0905628576874733 0.20132073760032654 0.009078710339963436 -0.0018966138595715165 0.004141995683312416 0.9999484419822693
8.566666666 -0.030114438384771347 -0.07543199509382248 0.21021080017089844 0.012512600980699062 -2.2461804292106535e-06 0.0023933451157063246 0.9999188780784607
8.599999999 -0.04361343011260033 -0.08004271984100342 0.22007495164871216 0.014295783825218678 0.0003831608046311885 0.0013657407835125923 0.9998968243598938
8.633333333 -0.016691366210579872 -0.10387881845235825 0.2458004653453827 0.013904452323913574 -0.0032121981494128704 0.004935847129672766 0.9998860359191895
8.666666666 -0.027115529403090477 -0.19621549546718597 0.2411375343799591 -0.0020307968370616436 -0.0011252133408561349 0.005398903973400593 0.9999827742576599
8.699999999 -0.03202006593346596 -0.22242654860019684 0.2587010860443115 -0.004436824470758438 -0.0006725397543050349 0.005313227418810129 0.9999758005142212
8.733333333000001 -0.021174637600779533 -0.2337455451488495 0.2694022059440613 -0.004454259295016527 -0.0027750625740736723 0.006031479686498642 0.9999680519104004
8.766666666 -0.02411896176636219 -0.24757738411426544 0.28123053908348083 -0.005230099428445101 -0.0025548101402819157 0.0049894736148417 0.9999706149101257
8.799999999 -0.021577468141913414 -0.26490435004234314 0.29676055908203125 -0.006829787045717239 -0.0025404966436326504 0.005018720403313637 0.9999608993530273
8.833333333 -0.016694942489266396 -0.2778528332710266 0.30884698033332825 -0.007533740717917681 -0.0026535876095294952 0.005445186980068684 0.9999532699584961
8.866666666 -0.01939123496413231 -0.2978087067604065 0.32294562458992004 -0.009607779793441296 -0.002082445425912738 0.004842069000005722 0.9999399781227112
8.899999999 -0.015277833677828312 -0.2947743237018585 0.3347571790218353 -0.0075483014807105064 -0.0025554548483341932 0.0053101396188139915 0.9999541640281677
8.933333333 -0.011544190347194672 -0.18172401189804077 0.2062574028968811 -0.00818888284265995 -0.002751799998804927 0.003992600832134485 0.9999547600746155
8.966666666 -0.017677543684840202 -0.1892385184764862 0.21403422951698303 -0.008645415306091309 -0.0022260420955717564 0.0033377811778336763 0.9999545812606812
8.999999999 -0.022699864581227303 -0.20315726101398468 0.22105002403259277 -0.010418732650578022 -0.0020106383599340916 0.00330755184404552 0.9999382495880127
9.033333333 -0.02412671037018299 -0.21061882376670837 0.2284175157546997 -0.010470139794051647 -0.0024694029707461596 0.0034771841019392014 0.9999361038208008
9.066666666 -0.03227442130446434 -0.2234862893819809 0.23739518225193024 -0.011923234909772873 -0.001224989304319024 0.0033106666523963213 0.9999226927757263
9.099999999 -0.03378354385495186 -0.23957151174545288 0.24486973881721497 -0.01407732255756855 -0.001932094106450677 0.003180872881785035 0.9998939633369446
9.133333333 -0.0399446077644825 -0.24430114030838013 0.252650648355484 -0.013189936988055706 -0.0011973127257078886 0.0023849699646234512 0.9999094605445862
9.166666666 -0.03859712556004524 -0.259996235370636 0.26071229577064514 -0.015492741949856281 -0.002097792224958539 0.0019724457524716854 0.9998758435249329
9.199999999 -0.033910635858774185 -0.22225451469421387 0.23296353220939636 -0.010976007208228111 -0.002534093800932169 0.0007698938134126365 0.9999362826347351
9.233333333 -0.03243711590766907 -0.2321912795305252 0.23854303359985352 -0.012147507630288601 -0.002777090761810541 0.00017683142505120486 0.9999223947525024
9.266666666 -0.03298302739858627 -0.23847702145576477 0.24503879249095917 -0.012480109930038452 -0.0028151175938546658 -0.0008041846449486911 0.9999178647994995
9.299999999 -0.038971904665231705 -0.24909670650959015 0.2520478665828705 -0.014129417948424816 -0.0011698181042447686 -0.0021934558171778917 0.9998971223831177
9.333333333 -0.03988172113895416 -0.2542744576931 0.25678586959838867 -0.014040578156709671 -0.001175076817162335 -0.003821014193817973 0.9998934864997864
9.366666666 -0.04597688838839531 -0.2821443974971771 0.2692243158817291 -0.021367060020565987 0.001008284860290587 -0.004157553892582655 0.9997625350952148
9.399999999 -0.03960205987095833 -0.28233158588409424 0.27017340064048767 -0.019710738211870193 -0.001213854760862887 -0.005375294014811516 0.9997905492782593
9.433333333 -0.04179450497031212 -0.2865588366985321 0.2751934230327606 -0.01937950775027275 -0.0009436842519789934 -0.005795253440737724 0.9997949600219727
9.466666666 -0.00734479958191514 -0.19383025169372559 0.19854885339736938 -0.007394017186015844 -0.011451848782598972 -0.004719336982816458 0.9998959898948669
9.499999999 -0.008817126974463463 -0.19968685507774353 0.20186446607112885 -0.008265280164778233 -0.0112586859613657 -0.005289898719638586 0.9998884797096252
9.533333333 -0.0070046368055045605 -0.2026144415140152 0.20549234747886658 -0.007910291664302349 -0.012229732237756252 -0.005148203112185001 0.9998807311058044
9.566666666 -0.00881104078143835 -0.2108788788318634 0.20957216620445251 -0.010001742281019688 -0.012118173763155937 -0.006014199927449226 0.9998584985733032
9.599999999 -0.011616015806794167 -0.220501109957695 0.21296268701553345 -0.012829278595745564 -0.01157615426927805 -0.006232314743101597 0.9998313188552856
9.633333333 -0.012768122367560863 -0.21537405252456665 0.21642142534255981 -0.009581015445291996 -0.011716251261532307 -0.006185854785144329 0.9998663663864136
9.666666666 -0.01073485892266035 -0.22195786237716675 0.22167661786079407 -0.011313528753817081 -0.013424147851765156 -0.006292356643825769 0.9998260736465454
9.699999999 -0.014031381346285343 -0.22127118706703186 0.22442157566547394 -0.009981220588088036 -0.01301505882292986 -0.006691651418805122 0.9998431205749512
9.733333333000001 -0.0034197622444480658 -0.1359202265739441 0.14575880765914917 -0.0020716723520308733 -0.017595138400793076 -0.00762529019266367 0.999813973903656
9.766666666 -0.0038548316806554794 -0.13700085878372192 0.14882050454616547 -0.0013482377398759127 -0.018162952736020088 -0.008642295375466347 0.9997968077659607
9.799999999 -0.00459037721157074 -0.13915932178497314 0.15248383581638336 -0.0011811584699898958 -0.01834234409034252 -0.009034018963575363 0.9997902512550354
9.833333333 -0.0019292918732389808 -0.14380338788032532 0.15482556819915771 -0.002529925899580121 -0.020175885409116745 -0.009422861970961094 0.9997488856315613
9.866666666 -0.003146399976685643 -0.14754031598567963 0.1582641303539276 -0.003109778044745326 -0.019902169704437256 -0.01021612249314785 0.9997449517250061
9.899999999 -0.002166540827602148 -0.14739647507667542 0.16222648322582245 -0.0012304122792556882 -0.02037038281559944 -0.00999939814209938 0.9997417330741882
9.933333333 -0.00022184748377185315 -0.15007296204566956 0.16504685580730438 -0.0008097298559732735 -0.021533578634262085 -0.010356687940657139 0.9997141361236572
9.966666666 0.0003575346199795604 -0.1555015593767166 0.16941416263580322 -0.0021739585790783167 -0.022222507745027542 -0.011263135820627213 0.9996872544288635
9.999999999 0.0018628307152539492 -0.20406295359134674 0.23673821985721588 0.0063055530190467834 -0.02288849838078022 -0.012397212907671928 0.9996412992477417
10.033333333 0.0051778764463961124 -0.20408201217651367 0.24178588390350342 0.008645107038319111 -0.024287421256303787 -0.013228043913841248 0.9995800852775574
10.066666666 0.006052188575267792 -0.20957721769809723 0.24707970023155212 0.008255037479102612 -0.02478681690990925 -0.014365305192768574 0.9995554685592651
10.099999999 0.006699074991047382 -0.2090470790863037 0.25196826457977295 0.01078428328037262 -0.02532268315553665 -0.01571269892156124 0.9994977116584778
10.133333333 0.00801403634250164 -0.21890857815742493 0.2571554183959961 0.008782844990491867 -0.02612021192908287 -0.016359740868210793 0.9994863867759705
10.166666666 0.008942807093262672 -0.2235029637813568 0.2618415951728821 0.009475890547037125 -0.026904426515102386 -0.01732589118182659 0.9994429349899292
10.199999999 0.009294564835727215 -0.22382614016532898 0.26598674058914185 0.011728193610906601 -0.027604643255472183 -0.01880822330713272 0.9993731379508972
10.233333333 0.011328182183206081 -0.22350816428661346 0.2702244520187378 0.01416097767651081 -0.0285587627440691 -0.01940542459487915 0.99930340051651
10.266666666 0.01882464624941349 -0.2535756528377533 0.2722698450088501 0.00046756918891333044 -0.032618843019008636 -0.01823924481868744 0.9993013143539429
10.299999999 0.01804453320801258 -0.25700467824935913 0.2765584886074066 0.0004568518197629601 -0.03303300216794014 -0.01941331848502159 0.9992656111717224
10.333333333 0.019463907927274704 -0.25818052887916565 0.2798199951648712 0.001549677923321724 -0.03495509549975395 -0.021192753687500954 0.9991629719734192
10.366666666 0.019680609926581383 -0.25965434312820435 0.2829669713973999 0.0018630675040185452 -0.036404095590114594 -0.022211378440260887 0.9990885853767395
10.399999999 0.020822621881961823 -0.2582109868526459 0.28557389974594116 0.0034748022444546223 -0.0383933000266552 -0.023451725021004677 0.9989814758300781
10.433333333 0.019213158637285233 -0.26614776253700256 0.28835031390190125 0.0003342319978401065 -0.0396270789206028 -0.024870336055755615 0.9989049434661865
10.466666666 0.02206718549132347 -0.2710261940956116 0.29183435440063477 -0.001438306411728263 -0.04268685355782509 -0.026069337502121925 0.9987472891807556
10.499999999 0.021106956526637077 -0.269636869430542 0.2924152612686157 -0.00010159883095184341 -0.04361024126410484 -0.027368880808353424 0.998673677444458
10.533333333 0.02052227593958378 -0.2725211977958679 0.2951338589191437 -0.0008735795272514224 -0.04472466930747032 -0.02824576385319233 0.9985995888710022
10.566666666 0.0011117071844637394 0.044246822595596313 -0.003001723438501358 0.912999153137207 0.0586882121860981 -0.02963561937212944 -0.40262889862060547
10.599999999 0.000732919666916132 0.045053254812955856 -0.0028233900666236877 0.9138314723968506 0.058904536068439484 -0.02962433360517025 -0.4007052779197693
10.633333333 0.0006921207532286644 0.04552439972758293 -0.0028474032878875732 0.9138731956481934 0.060316551476716995 -0.030608894303441048 -0.4003259837627411
10.666666666 0.0006911875680088997 0.0461118184030056 -0.0029637254774570465 0.9138572216033936 0.062097176909446716 -0.03157909959554672 -0.4000147581100464
10.699999999 0.0008726809173822403 0.046707604080438614 -0.003107525408267975 0.9137735366821289 0.06468509882688522 -0.032728761434555054 -0.39970314502716064
10.733333333000001 0.0010601188987493515 0.04726845398545265 -0.0032386891543865204 0.9136512279510498 0.06719603389501572 -0.03379778563976288 -0.3994796872138977
11.066666666 0.04883279651403427 -0.07668115943670273 0.06191941350698471 0.0027287795674055815 -0.019668012857437134 -0.019136933609843254 0.999619722366333
11.166666666 0.0304375309497118 -0.0694669708609581 0.10669475048780441 0.00826551578938961 -0.026110075414180756 -0.027924731373786926 0.9992347955703735
11.199999999 0.05347800254821777 -0.06886529177427292 0.11884903907775879 0.009708951227366924 -0.030936555936932564 -0.028867216780781746 0.9990572333335876
11.233333333 0.05533088743686676 -0.06870400160551071 0.13523787260055542 0.010817945934832096 -0.033498045057058334 -0.03134523332118988 0.9988885521888733
11.266666666 0.05471019446849823 -0.0662425234913826 0.14583520591259003 0.012054421938955784 -0.03599438816308975 -0.034326501190662384 0.9986895322799683
11.299999999 0.0569395013153553 -0.06953082978725433 0.15680119395256042 0.012475484050810337 -0.03905406966805458 -0.03790149465203285 0.9984400868415833
11.333333333 0.05829508602619171 -0.066281259059906 0.1688503921031952 0.013372976332902908 -0.04142291471362114 -0.0397711843252182 0.9982602596282959
11.366666666 0.027023836970329285 -0.04681969806551933 0.16283062100410461 0.014687956310808659 -0.04089543968439102 -0.04229826107621193 0.998159646987915
11.399999999 0.03196743130683899 -0.046545591205358505 0.17396146059036255 0.015137835405766964 -0.04442012310028076 -0.04541677236557007 0.9978652596473694
11.433333333 0.02162783220410347 -0.053517308086156845 0.17350974678993225 0.014392567798495293 -0.045484937727451324 -0.04825255274772644 0.9976952075958252
11.466666666 0.027086613699793816 -0.053921494632959366 0.1809166669845581 0.014646082185208797 -0.0491231344640255 -0.05065109208226204 0.9974001049995422
11.499999999 0.03718244284391403 -0.05548188090324402 0.1937747299671173 0.014688699506223202 -0.054105184972286224 -0.05362654849886894 0.9969860315322876
11.533333333 0.027909427881240845 -0.06450575590133667 0.19389230012893677 0.01336104329675436 -0.05565514415502548 -0.055927760899066925 0.9967929124832153
11.566666666 0.03441140800714493 -0.07010644674301147 0.2012195736169815 0.012929951772093773 -0.06016503646969795 -0.05872519686818123 0.9963756203651428
11.599999999 0.035024844110012054 -0.06265366822481155 0.20794731378555298 0.014581941068172455 -0.06388174742460251 -0.06255385279655457 0.9958882927894592
11.633333333 0.04441269114613533 -0.10139066725969315 0.18242402374744415 0.004929163958877325 -0.07195980101823807 -0.06688682734966278 0.995150089263916
11.666666666 0.05138939619064331 -0.11907188594341278 0.18882536888122559 0.0018440613057464361 -0.07713931053876877 -0.06940995156764984 0.9945996403694153
11.699999999 0.06896261125802994 -0.13944202661514282 0.19771157205104828 -0.0012232065200805664 -0.08462980389595032 -0.07299981266260147 0.9937340617179871
11.733333333000001 0.05714399740099907 -0.1295994222164154 0.19368568062782288 0.001637829001992941 -0.08548253029584885 -0.07740087062120438 0.9933273196220398
11.766666666 0.073496975004673 -0.13670913875102997 0.20609189569950104 0.000991705572232604 -0.09189717471599579 -0.07989728450775146 0.9925575256347656
11.799999999 0.07539542764425278 -0.1400274634361267 0.20794691145420074 0.0011338737094774842 -0.0950566902756691 -0.08364388346672058 0.9919509291648865
11.833333333 0.06009380519390106 -0.14132404327392578 0.20499028265476227 0.0013107985723763704 -0.09480424225330353 -0.08809175342321396 0.9915897846221924
11.866666666 0.07667834311723709 -0.1528344452381134 0.21744725108146667 -0.0005379272624850273 -0.10117506980895996 -0.09138012677431107 0.9906629323959351
11.899999999 0.06877852231264114 -0.16975411772727966 0.20223340392112732 -0.006599165499210358 -0.10460264980792999 -0.09720265865325928 0.9897304773330688
11.933333333 0.07367014139890671 -0.17764483392238617 0.20536160469055176 -0.00817327294498682 -0.10902479290962219 -0.10141316056251526 0.9888185858726501
11.966666666 0.07738295942544937 -0.17565099895000458 0.20918503403663635 -0.0076623293571174145 -0.11292950809001923 -0.10521480441093445 0.9879869222640991
11.999999999 0.0720033347606659 -0.18181131780147552 0.21200454235076904 -0.00932273268699646 -0.11534357070922852 -0.1093004122376442 0.9872499108314514
12.033333333 0.08425018191337585 -0.18805649876594543 0.21588332951068878 -0.010560676455497742 -0.1219240128993988 -0.113440603017807 0.9859788417816162
12.066666666 0.08374635130167007 -0.1924925148487091 0.21544678509235382 -0.011777183972299099 -0.1255389004945755 -0.11783047020435333 0.9849960803985596
12.099999999 0.0882296934723854 -0.17861072719097137 0.21579766273498535 -0.009105532430112362 -0.1307409703731537 -0.12216033041477203 0.9838194847106934
12.133333333 0.09537895023822784 -0.18739371001720428 0.2214292287826538 -0.011223872192203999 -0.137307807803154 -0.12695235013961792 0.9822951555252075
12.166666666 0.0666934996843338 -0.14750438928604126 0.1587384045124054 -0.014091880060732365 -0.14027801156044006 -0.1324550062417984 0.9811111688613892
12.199999999 0.06542623788118362 -0.15465094149112701 0.15935118496418 -0.016524983569979668 -0.14437583088874817 -0.1368677020072937 0.9798723459243774
12.233333333 0.06149780750274658 -0.15202122926712036 0.15658904612064362 -0.016315525397658348 -0.14752060174942017 -0.14183662831783295 0.9787001013755798
12.266666666 0.052621930837631226 -0.13954490423202515 0.15300746262073517 -0.013445002026855946 -0.1491423100233078 -0.1479814648628235 0.9775874614715576
12.299999999 0.06219380348920822 -0.14918255805969238 0.15940654277801514 -0.016457630321383476 -0.15734964609146118 -0.15247906744480133 0.9755615592002869
12.333333333 0.07747523486614227 -0.16271592676639557 0.16641585528850555 -0.020599696785211563 -0.1680292934179306 -0.1568896770477295 0.9729992151260376
12.366666666 0.07805299013853073 -0.15374238789081573 0.1660422682762146 -0.018502909690141678 -0.17370663583278656 -0.1630403697490692 0.971031129360199
12.399999999 0.07738491892814636 -0.1515016257762909 0.16406095027923584 -0.018524063751101494 -0.17898768186569214 -0.16879664361476898 0.9690861701965332
12.433333333 0.074740469455719 -0.1463651955127716 0.16555504500865936 -0.01771637611091137 -0.1839757263660431 -0.1744348704814911 0.9671667814254761
12.466666666 0.05939321219921112 -0.09592947363853455 0.12062329053878784 -0.011154155246913433 -0.18776187300682068 -0.17973530292510986 0.9655652642250061
12.499999999 0.05076251178979874 -0.0845312550663948 0.11803784966468811 -0.007969126105308533 -0.1889057606458664 -0.1840994954109192 0.9645509719848633
12.533333333 0.05414581298828125 -0.08894576132297516 0.12039414048194885 -0.009857423603534698 -0.19501908123493195 -0.18723464012145996 0.9627115726470947
12.566666666 0.03180398792028427 -0.026277964934706688 0.114353246986866 0.011179299093782902 -0.18634635210037231 -0.19182422757148743 0.963511049747467
12.599999999 0.05222756415605545 -0.0950581431388855 0.12241534888744354 -0.013265741057693958 -0.20227839052677155 -0.1934077888727188 0.9599483609199524
12.633333333 0.04001353681087494 -0.09055119752883911 0.12149322777986526 -0.013243668712675571 -0.2016584873199463 -0.19762137532234192 0.9592206478118896
12.666666666 0.06194011867046356 -0.030665472149848938 0.12578526139259338 0.009599829092621803 -0.20908591151237488 -0.20188648998737335 0.9567825198173523
12.699999999 0.06729485094547272 -0.024327533319592476 0.1155935749411583 0.011754737235605717 -0.21533110737800598 -0.207888662815094 0.9540842175483704
12.733333333000001 0.0749351978302002 -0.02584232948720455 0.11947209388017654 0.011211900040507317 -0.22318728268146515 -0.21251651644706726 0.9512615203857422
12.766666666 0.07863862812519073 -0.02366359904408455 0.12119206041097641 0.011758117936551571 -0.22855687141418457 -0.21642549335956573 0.9490962028503418
12.799999999 0.07992781698703766 -0.022396832704544067 0.1222718358039856 0.01228229608386755 -0.23269027471542358 -0.22047121822834015 0.9471520185470581
12.833333333 0.07509376108646393 -0.02415269799530506 0.1218448057770729 0.011303558945655823 -0.23416993021965027 -0.22431057691574097 0.9458971619606018
12.866666666 0.056717805564403534 -0.020937927067279816 0.11698775738477707 0.011125980876386166 -0.2294074296951294 -0.22804449498653412 0.9461734294891357
12.899999999 0.07755959779024124 -0.023176923394203186 0.12646329402923584 0.012821238487958908 -0.24000278115272522 -0.23030836880207062 0.9429699778556824
12.933333333 0.07956290990114212 -0.019333966076374054 0.12433664500713348 0.01535813044756651 -0.24296338856220245 -0.23456686735153198 0.9411223530769348
12.966666666 0.07599106431007385 -0.018906133249402046 0.12376116216182709 0.016038265079259872 -0.2444949746131897 -0.23884452879428864 0.939637303352356
12.999999999 0.08365539461374283 -0.017892923206090927 0.1325940638780594 0.017805783078074455 -0.2483554184436798 -0.2436641901731491 0.9373528361320496
13.033333333 0.0802195817232132 -0.020842140540480614 0.1336820423603058 0.017538711428642273 -0.25083374977111816 -0.24829433858394623 0.935481071472168
13.066666666 0.09130604565143585 -0.018869493156671524 0.1390930414199829 0.020400896668434143 -0.25809356570243835 -0.2528769075870514 0.9322149753570557
13.099999999 0.10441911220550537 -0.024265673011541367 0.1422610580921173 0.020720824599266052 -0.26634666323661804 -0.2572852373123169 0.9286734461784363
13.133333333 0.0987912118434906 -0.02151511423289776 0.14033053815364838 0.022038862109184265 -0.26722970604896545 -0.2622925043106079 0.9269871711730957
13.166666666 0.09021535515785217 -0.02074405737221241 0.13632486760616302 0.022293811663985252 -0.26686275005340576 -0.26658153533935547 0.9258626699447632
13.199999999 0.09091006219387054 -0.021277211606502533 0.1359502077102661 0.02284839004278183 -0.26965171098709106 -0.2702144980430603 0.92398601770401
13.233333333 0.10766251385211945 -0.023381885141134262 0.1283482164144516 0.023831181228160858 -0.2882871925830841 -0.26840516924858093 0.9188477993011475
13.266666666 0.10898780077695847 -0.02643701247870922 0.12862959504127502 0.022756170481443405 -0.29140862822532654 -0.27074190974235535 0.9172033667564392
13.299999999 0.10905323922634125 -0.027779927477240562 0.12721849977970123 0.022384565323591232 -0.29353272914886475 -0.2737921178340912 0.9156283736228943
13.333333333 0.11338010430335999 -0.030765453353524208 0.12780918180942535 0.02119605243206024 -0.2982400059700012 -0.27593886852264404 0.9134886264801025
13.366666666 0.11327823996543884 -0.03032374009490013 0.1273115575313568 0.020814692601561546 -0.30072450637817383 -0.27891379594802856 0.9117777347564697
13.399999999 0.11544952541589737 -0.030861739069223404 0.12562482059001923 0.020324615761637688 -0.30394214391708374 -0.28180408477783203 0.9098310470581055
13.433333333 0.11547116190195084 -0.030706245452165604 0.12482523918151855 0.01958545669913292 -0.30683866143226624 -0.2841533124446869 0.9081428050994873
13.466666666 0.11486900597810745 -0.027451496571302414 0.12318360805511475 0.02015763893723488 -0.3088892698287964 -0.28686797618865967 0.9065803289413452
13.499999999 0.03518841043114662 0.027864007279276848 -0.020633799955248833 0.8384404182434082 0.36933133006095886 -0.1779206544160843 -0.3591049015522003
13.533333333 0.03638961911201477 0.027328092604875565 -0.02015586569905281 0.8365520238876343 0.37300795316696167 -0.1806340366601944 -0.3583535850048065
13.566666666 0.02807013876736164 0.02565465308725834 -0.02536407858133316 0.8410223722457886 0.36756664514541626 -0.16792352497577667 -0.35969147086143494
13.599999999 0.02875146083533764 0.02415115013718605 -0.02497732825577259 0.8390752673149109 0.3710165321826935 -0.17022335529327393 -0.359615683555603
13.633333333 0.024417094886302948 0.021861590445041656 -0.024450968950986862 0.8383852243423462 0.37260791659355164 -0.1706058531999588 -0.3593982756137848
13.966666666 -0.04754935950040817 -0.05806133523583412 0.05376358702778816 0.0027443852741271257 -0.011464465409517288 -0.00795435905456543 0.9998989105224609
14.066666666 -0.04915629327297211 -0.060538873076438904 0.08729756623506546 0.0065583172254264355 -0.013872938230633736 -0.01191947516053915 0.9998112320899963
14.099999999 -0.04073406755924225 -0.0653287023305893 0.09401219338178635 0.007161063142120838 -0.015882719308137894 -0.012525444850325584 0.9997698068618774
14.133333333 -0.04414302855730057 -0.07531778514385223 0.10293668508529663 0.007504291832447052 -0.016273258253932 -0.013735749758780003 0.9997450709342957
14.166666666 -0.033302873373031616 -0.07930503785610199 0.11627812683582306 0.008675756864249706 -0.018601469695568085 -0.014478582888841629 0.9996845126152039
14.199999999 -0.030477086082100868 -0.08340087532997131 0.12546876072883606 0.009754017926752567 -0.020354244858026505 -0.015685200691223145 0.9996222257614136
14.233333333 -0.038023412227630615 -0.09405969083309174 0.1324014663696289 0.010133895091712475 -0.021735886111855507 -0.017657004296779633 0.9995564818382263
14.266666666 -0.01967589557170868 -0.06212092190980911 0.08355945348739624 0.01092007290571928 -0.02467469871044159 -0.020245060324668884 0.9994308948516846
14.299999999 -0.017938802018761635 -0.05244577303528786 0.090385802090168 0.014394302852451801 -0.027093786746263504 -0.021473532542586327 0.9992985725402832
14.333333333 -0.02313055656850338 -0.06516487896442413 0.09757710248231888 0.012450301088392735 -0.028356797993183136 -0.02328958921134472 0.9992489814758301
14.366666666 -0.02296488732099533 -0.06167322024703026 0.10256912559270859 0.014247670769691467 -0.030759261921048164 -0.024420108646154404 0.9991269111633301
14.399999999 -0.019567614421248436 -0.06805752962827682 0.10731492936611176 0.013831834308803082 -0.03426260128617287 -0.025798726826906204 0.9989840984344482
14.433333333 -0.028253082185983658 -0.06916210800409317 0.11042781919240952 0.014294196851551533 -0.03558560088276863 -0.027092019096016884 0.9988970756530762
14.466666666 0.005885712336748838 -0.04904209449887276 0.10815934091806412 0.019674580544233322 -0.04560331255197525 -0.026908542960882187 0.9984033107757568
14.499999999 0.027342161163687706 -0.02384328469634056 0.1031501442193985 0.026034541428089142 -0.05302271246910095 -0.027655379846692085 0.9978707432746887
14.533333333 0.004120420198887587 -0.014304060488939285 0.04311537742614746 0.02320088818669319 -0.052048198878765106 -0.02667955495417118 0.9980185031890869
14.566666666 -0.000881743268109858 -0.013930490240454674 0.04166542366147041 0.023662367835640907 -0.052397072315216064 -0.028156450018286705 0.9979488253593445
14.599999999 0.00037367333425208926 -0.014961456879973412 0.04370957612991333 0.023464133962988853 -0.05600254237651825 -0.02849418669939041 0.997748076915741
14.633333333 0.0030476690735667944 -0.014339571818709373 0.04462079331278801 0.024311933666467667 -0.0599791593849659 -0.02920343540608883 0.9974761009216309
14.666666666 -0.0020195047836750746 -0.016033390536904335 0.044280391186475754 0.023793209344148636 -0.0600290484726429 -0.030382970348000526 0.9974504113197327
14.699999999 -0.004109595436602831 -0.017343033105134964 0.04435988515615463 0.023700673133134842 -0.061582449823617935 -0.031116565689444542 0.9973352551460266
14.733333333000001 -0.005186829715967178 -0.016534553840756416 0.044601909816265106 0.024550190195441246 -0.06357388198375702 -0.03247565031051636 0.9971464276313782
14.766666666 -0.005257156677544117 -0.01454161573201418 0.04741837456822395 0.026111114770174026 -0.0662236362695694 -0.032968517392873764 0.9969181418418884
14.799999999 -0.019749777391552925 -0.027833089232444763 0.04335038363933563 0.016884583979845047 -0.06024666130542755 -0.03647497296333313 0.9973739385604858
14.833333333 -0.021513046696782112 -0.02904248982667923 0.043631911277770996 0.016676871106028557 -0.0615435428917408 -0.0378311388194561 0.9972477555274963
14.866666666 -0.013473126105964184 -0.02362152561545372 0.0445643775165081 0.021124156191945076 -0.06907521933317184 -0.03954748436808586 0.9966034293174744
14.899999999 -0.0244450606405735 -0.03275200352072716 0.04665409028530121 0.01630924642086029 -0.06594577431678772 -0.04400753229856491 0.9967188835144043
14.933333333 -0.021899795159697533 -0.031268514692783356 0.048307813704013824 0.018891319632530212 -0.06929174065589905 -0.04607633501291275 0.9963527321815491
14.966666666 -0.02687336876988411 -0.03592792525887489 0.050297461450099945 0.017990542575716972 -0.06730637699365616 -0.049101363867521286 0.9963610172271729
14.999999999 -0.02503572590649128 -0.034336064010858536 0.05190937593579292 0.021642912179231644 -0.06688712537288666 -0.04895246773958206 0.9963239431381226
15.033333333 -0.02822902984917164 -0.041755180805921555 0.054976169019937515 0.019158756360411644 -0.061693333089351654 -0.04864291101694107 0.9967250227928162
15.066666666 -0.017022686079144478 -0.0373280830681324 0.04654688388109207 0.018512064591050148 -0.061829011887311935 -0.047562889754772186 0.9967809915542603
15.099999999 -0.011149418540298939 -0.03653591498732567 0.048678938299417496 0.021729741245508194 -0.0630917176604271 -0.04839567095041275 0.9965968132019043
15.133333333 -0.009831893257796764 -0.036779798567295074 0.04994199424982071 0.02355075813829899 -0.06243438646197319 -0.0524725504219532 0.9963904619216919
15.166666666 -0.00571638997644186 -0.03976625204086304 0.052166517823934555 0.023434851318597794 -0.06545586884021759 -0.05721742659807205 0.9959380030632019
15.199999999 -0.003501006169244647 -0.03947843611240387 0.052383534610271454 0.02552151493728161 -0.06695375591516495 -0.061619553714990616 0.9955244660377502
15.233333333 -0.002360614249482751 -0.04073728621006012 0.05417799577116966 0.02612481452524662 -0.06715934723615646 -0.065067820250988 0.9952754974365234
15.266666666 0.0009990808321163058 -0.04144900664687157 0.05520761013031006 0.027133038267493248 -0.06874184310436249 -0.0667799785733223 0.9950270652770996
15.299999999 -0.0004977299831807613 -0.04077119007706642 0.05573511868715286 0.028488757088780403 -0.06740272790193558 -0.06910853832960129 0.9949217438697815
15.333333333 0.0036862436681985855 -0.02542508766055107 0.03085002861917019 0.02294987253844738 -0.07467236369848251 -0.07009949535131454 0.9944764375686646
15.366666666 0.00307618360966444 -0.025611892342567444 0.03131549805402756 0.024074669927358627 -0.07590392231941223 -0.07218145579099655 0.9942076802253723
15.399999999 0.0029095453210175037 -0.02635284885764122 0.03174331784248352 0.024699119850993156 -0.07878479361534119 -0.0728900283575058 0.9939165115356445
15.433333333 0.0022722703870385885 -0.025937072932720184 0.03204622119665146 0.027143094688653946 -0.08193894475698471 -0.0739552453160286 0.9935189485549927
15.466666666 -0.00012777349911630154 -0.026070192456245422 0.03202957287430763 0.028349170461297035 -0.0828537568449974 -0.07364808768033981 0.9934322237968445
15.499999999 -0.0022640801034867764 -0.027750089764595032 0.03196936100721359 0.0274763535708189 -0.0846303328871727 -0.07279862463474274 0.9933695793151855
15.533333333 -0.004424805752933025 -0.03012813813984394 0.031866125762462616 0.025187263265252113 -0.08674109727144241 -0.07215743511915207 0.9932950139045715
15.566666666 -0.006404381711035967 -0.0301054660230875 0.03175242617726326 0.02636614628136158 -0.08940909802913666 -0.07162176817655563 0.9930665493011475
15.599999999 -0.022693311795592308 -0.042544376105070114 0.04664542153477669 0.03156893327832222 -0.08263514190912247 -0.0713324099779129 0.9935222864151001
15.633333333 -0.029946090653538704 -0.048424627631902695 0.0470869205892086 0.026097934693098068 -0.0819205492734909 -0.0706915333867073 0.9937860369682312
15.666666666 -0.03178320452570915 -0.04822584241628647 0.04606294259428978 0.026380689814686775 -0.08576483279466629 -0.06996427476406097 0.9935056567192078
15.699999999 -0.040972188115119934 -0.05101684108376503 0.04647877439856529 0.02258126623928547 -0.0827227458357811 -0.0697491317987442 0.9938722848892212
15.733333333000001 -0.04065054655075073 -0.0476328507065773 0.046981967985630035 0.02562064118683338 -0.08803792297840118 -0.0695975124835968 0.993352472782135
15.766666666 -0.04232700541615486 -0.044985365122556686 0.04693128168582916 0.027642443776130676 -0.09109418839216232 -0.06931755691766739 0.9930422306060791
15.799999999 -0.050484903156757355 -0.04887834191322327 0.047946032136678696 0.022795971482992172 -0.08809608221054077 -0.0696825459599495 0.9934101700782776
15.833333333 -0.053250331431627274 -0.053844574838876724 0.04855722561478615 0.01736905425786972 -0.08989117294549942 -0.07076054066419601 0.9932828545570374
15.866666666 -0.05576438084244728 -0.05432203784584999 0.04866940528154373 0.016276028007268906 -0.09124166518449783 -0.0720445066690445 0.9930859208106995
15.899999999 -0.03295684605836868 -0.02551107294857502 0.021300768479704857 0.014010293409228325 -0.07990097999572754 -0.07484877854585648 0.9938899278640747
15.933333333 -0.03168011084198952 -0.026253553107380867 0.021472033113241196 0.012404042296111584 -0.08514636009931564 -0.07557647675275803 0.9934206008911133
15.966666666 -0.03226945549249649 -0.02429339289665222 0.021543702110648155 0.016037682071328163 -0.08536174893379211 -0.0784776583313942 0.9931250810623169
15.999999999 -0.035336755216121674 -0.026784423738718033 0.021941637620329857 0.009821003302931786 -0.08079225569963455 -0.08143119513988495 0.9933504462242126
16.033333333 -0.03223365172743797 -0.024228492751717567 0.021673519164323807 0.01515874732285738 -0.08751891553401947 -0.08394668251276016 0.9925037026405334
16.066666666 -0.025655774399638176 -0.019000258296728134 0.021975483745336533 0.026700956746935844 -0.0999748483300209 -0.086463563144207 0.9908663630485535
16.099999999 -0.025868671014904976 -0.018642326816916466 0.02235831506550312 0.026443149894475937 -0.09979851543903351 -0.09016671776771545 0.9905609488487244
16.133333333 -0.011190047487616539 -0.00705747352913022 0.0068688360042870045 0.016749147325754166 -0.0815487802028656 -0.09402429312467575 0.9920830130577087
16.166666666 -0.010327601805329323 -0.0069198161363601685 0.006874790880829096 0.017318854108452797 -0.08639094978570938 -0.09740830212831497 0.9913366436958313
16.199999999 -0.010093391872942448 -0.007064716890454292 0.006810425780713558 0.015795404091477394 -0.08752117305994034 -0.10050549358129501 0.9909536838531494
16.233333333 -0.009522806853055954 -0.006412087008357048 0.006765123922377825 0.019823022186756134 -0.0907498151063919 -0.10378111153841019 0.9902530312538147
16.266666666 -0.008692636154592037 -0.006308368407189846 0.006618322804570198 0.02045695297420025 -0.09664475917816162 -0.10830763727426529 0.9891970157623291
16.299999999 -0.008739874698221684 -0.006305441725999117 0.006490813568234444 0.019773731008172035 -0.09777019917964935 -0.11344403773546219 0.9885243773460388
16.333333333 -0.008249256759881973 -0.006799192633479834 0.006281525827944279 0.016413481906056404 -0.10296124964952469 -0.11851181834936142 0.9874637126922607
16.366666666 -0.008229847066104412 -0.006514590699225664 0.00616229884326458 0.017497368156909943 -0.10478857159614563 -0.1233094185590744 0.9866650700569153
16.399999999 -0.008421500213444233 -0.006571315228939056 0.006063877604901791 0.016268311068415642 -0.10557069629430771 -0.12808573246002197 0.9859940409660339
16.433333333 -0.006490637082606554 0.005242348648607731 0.0007000141777098179 0.9217965006828308 0.1118735671043396 -0.03391732648015022 -0.36962851881980896
16.799999999 0.0668179988861084 0.0161852166056633 -0.04026167094707489 -0.001566803315654397 -0.033661529421806335 -0.04068632796406746 0.9986035823822021
16.899999999 0.07159969210624695 0.011346123181283474 -0.03628163039684296 -0.003148967633023858 -0.045439623296260834 -0.05414949357509613 0.9974934458732605
16.933333333 0.07484762370586395 0.008200625889003277 -0.03337981924414635 -0.003691112156957388 -0.04954078793525696 -0.05863397195935249 0.997042715549469
16.966666666 0.09045743942260742 0.01625635474920273 -0.03641384840011597 -0.002693502465263009 -0.055229656398296356 -0.06320000439882278 0.9964678883552551
17.0 0.06747503578662872 0.008124319836497307 -0.03476851060986519 -0.004125058185309172 -0.056895144283771515 -0.06854142248630524 0.9960160851478577
17.033333333 0.09534785151481628 0.004852995742112398 -0.03655252605676651 -0.004598699510097504 -0.06486203521490097 -0.07341575622558594 0.9951793551445007
17.066666666 0.08957565575838089 -0.0018144630594179034 -0.035502124577760696 -0.00588096771389246 -0.06911902129650116 -0.0781746506690979 0.9945234060287476
17.1 0.005490981508046389 -0.0001885520323412493 -0.014818412251770496 -0.0074932328425347805 -0.06431132555007935 -0.08365790545940399 0.9943888783454895
17.133333333 0.007214345037937164 -8.752112626098096e-05 -0.01361928228288889 -0.008214653469622135 -0.06911631673574448 -0.08837820589542389 0.9936522245407104
21.433333333 -0.034980408847332 -0.1389302909374237 0.1369321346282959 0.0014794034650549293 0.0003096938889939338 0.0017753312131389976 0.9999972581863403
21.533333333 -0.05610986053943634 -0.20202313363552094 0.20163744688034058 0.002329682931303978 0.0006469329237006605 0.003299067262560129 0.9999916553497314
21.566666666 -0.0734148696064949 -0.21286940574645996 0.22485144436359406 0.003431465243920684 0.0014991577481850982 0.0029507363215088844 0.9999886155128479
21.6 -0.07219980657100677 -0.23205995559692383 0.2438214123249054 0.003445494920015335 8.634215191705152e-06 0.003026508493348956 0.9999895095825195
21.633333333 -0.08223365992307663 -0.2529558539390564 0.2635972201824188 0.003089535515755415 -1.760501618264243e-05 0.0025229358579963446 0.9999920725822449
21.666666666 -0.09074466675519943 -0.2692720592021942 0.27968254685401917 0.0029579007532447577 0.00013823805784340948 0.002621937543153763 0.9999921917915344
21.7 -0.09326577186584473 -0.27627265453338623 0.3009248673915863 0.0041151572950184345 -0.00028214813210070133 0.0030387700535357 0.9999868869781494
21.733333333 -0.05610977113246918 -0.1869121789932251 0.197977215051651 0.0036967527121305466 -0.0016958987107500434 0.005427169613540173 0.9999770522117615
21.766666666 -0.06070738285779953 -0.19440314173698425 0.20702098309993744 0.0040599810890853405 -0.0019347936613485217 0.0050760735757648945 0.9999769926071167
21.8 -0.057909607887268066 -0.20543065667152405 0.21466802060604095 0.0034575758036226034 -0.003704614005982876 0.004778732545673847 0.9999757409095764
21.833333333 -0.0657363161444664 -0.21912522614002228 0.22190575301647186 0.002432421548292041 -0.0033726708497852087 0.004060414154082537 0.9999831318855286
21.866666666 -0.06892134249210358 -0.2269252985715866 0.22777554392814636 0.002288536401465535 -0.003646214259788394 0.002895814599469304 0.9999865293502808
21.9 -0.07108429819345474 -0.23958247900009155 0.23501339554786682 0.001443584798835218 -0.003624878590926528 0.003104609902948141 0.9999876022338867
21.933333333 -0.0677347481250763 -0.2513498067855835 0.23905077576637268 0.0003734136698767543 -0.004701246507465839 0.0027234437875449657 0.9999851584434509
21.966666666 -0.0675107017159462 -0.259755402803421 0.24668672680854797 -8.99495862540789e-05 -0.004910706542432308 0.002573641249909997 0.999984622001648
22.0 -0.05640280246734619 -0.19325095415115356 0.18889014422893524 0.0012154460418969393 -0.003965136129409075 0.0004957134951837361 0.9999912977218628
22.033333333 -0.0574096255004406 -0.19792935252189636 0.1933109164237976 0.0009468723437748849 -0.004057090729475021 -0.00010702174040488899 0.9999913573265076
22.066666666 -0.05783988535404205 -0.20284274220466614 0.19744180142879486 0.00060435407795012 -0.004011700861155987 -0.00035052222665399313 0.9999917149543762
22.1 -0.05818731337785721 -0.21148845553398132 0.20146483182907104 -0.0008102182764559984 -0.003861379576846957 -1.1736416126950644e-05 0.9999922513961792
22.133333333 -0.06106957420706749 -0.21326765418052673 0.20763196051120758 -0.0004640484694391489 -0.0029316924046725035 -5.6493277952540666e-05 0.9999955892562866
22.166666666 -0.06121569126844406 -0.21996408700942993 0.21103312075138092 -0.0016932911239564419 -0.003172957804054022 -0.0001064507887349464 0.9999935626983643
22.2 -0.05902175232768059 -0.22033965587615967 0.21543869376182556 -0.0010364005574956536 -0.004398771561682224 -0.0005373418680392206 0.9999896287918091
22.233333333 -0.06802413612604141 -0.23008684813976288 0.22228045761585236 -0.003212950425222516 -0.002637354889884591 -0.0015678047202527523 0.9999901652336121
22.266666666 -0.040090277791023254 -0.1756395548582077 0.18032370507717133 0.0033330374862998724 -0.009865699335932732 -0.004643394146114588 0.9999350309371948
22.3 -0.04102745279669762 -0.17867733538150787 0.18355710804462433 0.003362585324794054 -0.011174604296684265 -0.0064581772312521935 0.9999110698699951
22.333333333 -0.04176569730043411 -0.18259991705417633 0.18726080656051636 0.003211689181625843 -0.011992166750133038 -0.007529761176556349 0.9998946189880371
22.366666666 -0.045598890632390976 -0.19106987118721008 0.19088006019592285 0.0016365887131541967 -0.011556611396372318 -0.008471749722957611 0.9998959898948669
22.4 -0.04759744182229042 -0.195865198969841 0.19494830071926117 0.0017927327426150441 -0.011344525963068008 -0.008807123638689518 0.9998952746391296
22.433333333 -0.04769360274076462 -0.20342113077640533 0.19899539649486542 0.0010876335436478257 -0.011904641054570675 -0.009735452011227608 0.9998811483383179
22.466666666 -0.04749356582760811 -0.20788490772247314 0.20398928225040436 0.0011142626171931624 -0.012403035536408424 -0.01037293579429388 0.9998686909675598
22.5 -0.04580623283982277 -0.21662132441997528 0.20800277590751648 -7.488868141081184e-05 -0.012372324243187904 -0.00981564074754715 0.9998753070831299
22.533333333 -0.017797285690903664 -0.09403309971094131 0.0928230956196785 0.001592051237821579 -0.012990440241992474 -0.008831712417304516 0.9998753666877747
22.566666666 -0.017701081931591034 -0.09419940412044525 0.09463087469339371 0.0031657470390200615 -0.012604533694684505 -0.00903476495295763 0.9998747706413269
22.6 -0.016140859574079514 -0.09510558843612671 0.09604046493768692 0.00404543848708272 -0.013063425198197365 -0.00862274318933487 0.9998693466186523
22.633333333 -0.0160515196621418 -0.09932009875774384 0.09798324853181839 0.0022715702652931213 -0.012637684121727943 -0.008775260299444199 0.9998790621757507
22.666666666 -0.01627848483622074 -0.10164634883403778 0.09969723224639893 0.0021309354342520237 -0.012675593607127666 -0.00927682314068079 0.9998743534088135
22.7 -0.016280023381114006 -0.10367441177368164 0.10119156539440155 0.0022114200983196497 -0.012773293070495129 -0.009410068392753601 0.9998717308044434
22.733333333 -0.01676221564412117 -0.10723048448562622 0.10305102169513702 0.001339336042292416 -0.012209263630211353 -0.008410884998738766 0.9998891949653625
22.766666666 -0.016397828236222267 -0.11335483193397522 0.10474810004234314 -0.0016349988291040063 -0.012665748596191406 -0.0076888203620910645 0.9998888969421387
22.8 -0.006048459094017744 -0.046786412596702576 0.04743848741054535 0.009417181834578514 -0.015631355345249176 -0.006230297964066267 0.9998140931129456
22.833333333 -0.006497253198176622 -0.047839947044849396 0.04797127842903137 0.009789977222681046 -0.0157886054366827 -0.005590733606368303 0.9998118281364441
22.866666666 -0.007495043333619833 -0.04942914843559265 0.04878369718790054 0.00926626194268465 -0.016062600538134575 -0.006318945903331041 0.9998080730438232
22.9 -0.008376835845410824 -0.05166581645607948 0.04957759380340576 0.007766546681523323 -0.017216065898537636 -0.007033605594187975 0.9997968673706055
22.933333333 -0.008492979221045971 -0.05291861295700073 0.05044190585613251 0.007704013027250767 -0.019301550462841988 -0.007062390446662903 0.9997590780258179
22.966666666 -0.009461461566388607 -0.05443187430500984 0.05122275650501251 0.006873245816677809 -0.018987620249390602 -0.006140006706118584 0.9997772574424744
23.0 -0.010414421558380127 -0.05536419153213501 0.05208203196525574 0.006973749957978725 -0.018042651936411858 -0.005296466406434774 0.9997988939285278
23.033333333 -0.01052839495241642 -0.05686086043715477 0.052989620715379715 0.006144836079329252 -0.017322445288300514 -0.0020097168162465096 0.999829113483429
23.066666666 -0.013406516052782536 -0.05903705954551697 0.0538521334528923 0.0028464242350310087 -0.012311902828514576 -0.001830530003644526 0.999918520450592
23.1 -0.013897777535021305 -0.059613894671201706 0.05481408163905144 0.0025544199161231518 -0.0119082722812891 -0.0010571785969659686 0.9999253153800964
23.133333333 -0.014682579785585403 -0.06032223626971245 0.0560377836227417 0.0018634493462741375 -0.011200960725545883 -0.000673948903568089 0.9999353289604187
23.166666666 -0.015072387643158436 -0.06097077578306198 0.05710924416780472 0.0012244335375726223 -0.01133281271904707 -0.0007352213142439723 0.9999347925186157
23.2 -0.01567842997610569 -0.06128724291920662 0.058230865746736526 0.0011311388807371259 -0.010881289839744568 -0.0010104216635227203 0.9999396800994873
23.233333333 -0.015427670441567898 -0.06220567226409912 0.059355877339839935 0.0003152435820084065 -0.011165044270455837 -0.0005409546429291368 0.9999374747276306
23.266666666 -0.01511266827583313 -0.06334952265024185 0.060458384454250336 -0.0006080646417103708 -0.011380167677998543 -0.0001490582071710378 0.9999350309371948
23.3 -0.015264621004462242 -0.0642046108841896 0.061438821256160736 -0.0008455245988443494 -0.010053588077425957 5.899571624468081e-05 0.9999490976333618
23.333333333 -0.01482237596064806 -0.0652928575873375 0.06242896988987923 -0.0013042327482253313 -0.009472819045186043 0.00016401379252783954 0.9999542832374573
23.366666666 -0.002521318383514881 -0.011871629394590855 0.011561031453311443 0.0012924220645800233 -0.009899890050292015 0.00061359180836007 0.9999499917030334
23.4 -0.0024433601647615433 -0.012046628631651402 0.011737072840332985 0.0010318596614524722 -0.009364812634885311 0.00043023249600082636 0.9999555349349976
23.433333333 -0.002408285392448306 -0.012152014300227165 0.011951429769396782 0.0013710701605305076 -0.008881538175046444 -0.0006801433628425002 0.999959409236908
23.466666666 -0.0022652745246887207 -0.012347879819571972 0.012087053619325161 0.0008789540152065456 -0.00944584421813488 -0.001061890972778201 0.9999544620513916
23.5 -0.0021343687549233437 -0.012452923692762852 0.012270163744688034 0.0009857217082753778 -0.009562036953866482 -0.0019141625380143523 0.999951958656311
23.533333333 -0.0021555896382778883 -0.012569310143589973 0.012442835606634617 0.0007650757324881852 -0.008404107764363289 -0.002339242957532406 0.9999616742134094
23.566666666 -0.002134626731276512 -0.012781450524926186 0.012603544630110264 -0.00040263342089019716 -0.0075735729187726974 -0.0017177773406729102 0.9999697804450989
23.6 -0.002125970320776105 -0.01280363742262125 0.012759387493133545 6.820488488301635e-05 -0.006776610855013132 -0.0021209586411714554 0.99997478723526
23.633333333 -1.7611251678317785e-05 0.031362783163785934 -0.0009384825825691223 0.9226367473602295 -0.024076135829091072 -0.008827854879200459 -0.38481664657592773
25.4 0.026908762753009796 0.08032548427581787 0.12943322956562042 0.020289946347475052 -0.0004487029218580574 0.0004193621571175754 0.9997939467430115
25.5 0.03662366792559624 0.11628066003322601 0.1652088612318039 0.02922964282333851 -0.004310893826186657 0.001256431802175939 0.999562680721283
25.533333333 0.03279543295502663 0.12696266174316406 0.1764710396528244 0.03244595229625702 -0.004496016073971987 0.0020545830484479666 0.99946129322052
25.566666666 0.048813171684741974 0.14946649968624115 0.1895723044872284 0.037303049117326736 -0.006987547967582941 0.0013140036026015878 0.999278724193573
25.6 0.04158167541027069 0.1520223170518875 0.203004390001297 0.03957243263721466 -0.00604222109541297 0.0026810169219970703 0.999194860458374
25.633333333 0.05466851219534874 0.16922183334827423 0.22091875970363617 0.04370186850428581 -0.00793007854372263 0.002792526036500931 0.9990092515945435
25.666666666 0.03793958202004433 0.16289584338665009 0.2368725836277008 0.04534789174795151 -0.0066260178573429585 0.004644347820430994 0.9989385008811951
25.7 0.00891202874481678 0.1788913607597351 0.19342118501663208 0.05520569905638695 -0.0055391122587025166 0.010937009006738663 0.9983997344970703
25.733333333 0.014029977843165398 0.19028115272521973 0.20994305610656738 0.05940989777445793 -0.006910537835210562 0.01042591966688633 0.9981553554534912
25.766666666 0.01205816026777029 0.203762024641037 0.22388194501399994 0.06379866600036621 -0.007156623061746359 0.010366050526499748 0.9978833198547363
25.8 0.01704850047826767 0.22825975716114044 0.23966939747333527 0.0700870007276535 -0.008232132531702518 0.009524327702820301 0.9974614381790161
25.833333333 0.011546540074050426 0.23789136111736298 0.2542046308517456 0.07402820885181427 -0.007501141168177128 0.009287666529417038 0.997184693813324
25.866666666 0.011059973388910294 0.24047011137008667 0.2721906900405884 0.07690604031085968 -0.006821154151111841 0.009351138956844807 0.9969711303710938
25.9 0.00755519513040781 0.2429664134979248 0.2883355915546417 0.07977605611085892 -0.005469397641718388 0.008121504448354244 0.9967647194862366
25.933333333 0.011060917750000954 0.26056328415870667 0.3037205934524536 0.0849999487400055 -0.005333350505679846 0.00853783544152975 0.9963301420211792
25.966666666 0.008863491006195545 0.2726539373397827 0.31752461194992065 0.08939897269010544 -0.0037063187919557095 0.008974796161055565 0.9959486126899719
26.0 0.014771266840398312 0.24015627801418304 0.3187011778354645 0.08728834986686707 -0.0035430570133030415 0.006416466552764177 0.9961560964584351
26.033333333 0.014510578475892544 0.2501959800720215 0.3306232988834381 0.09103954583406448 -0.0027509615756571293 0.006141189020127058 0.9958245158195496
26.066666666 0.011712424457073212 0.2577399015426636 0.34403857588768005 0.094337098300457 -0.0015402520075440407 0.0059489780105650425 0.9955213665962219
26.1 0.012601747177541256 0.26398220658302307 0.3582247197628021 0.09728673845529556 -0.0006709601148031652 0.005620516370981932 0.995240330696106
26.133333333 0.015325648710131645 0.2672678530216217 0.36946597695350647 0.09972576797008514 4.4955257180845365e-05 0.0056383791379630566 0.9949989914894104
26.166666666 0.010827198624610901 0.27115362882614136 0.3803648054599762 0.10219413042068481 0.0021303431130945683 0.006816299632191658 0.9947388768196106
26.2 0.009935296140611172 0.2859503924846649 0.39356082677841187 0.10661227256059647 0.0030120648443698883 0.007298935670405626 0.9942693114280701
26.233333333 0.0149686923250556 0.2950768768787384 0.398242712020874 0.10965891927480698 0.0027501590084284544 0.006513506174087524 0.9939441680908203
26.266666666 0.014875493012368679 0.3009987771511078 0.4099525213241577 0.112505242228508 0.0031707845628261566 0.006975239608436823 0.9936215877532959
26.3 0.01301660668104887 0.3124646544456482 0.4250989556312561 0.11685660481452942 0.0037897522561252117 0.007752919569611549 0.9931113123893738
26.333333333 0.012748799286782742 0.31409507989883423 0.43849146366119385 0.11948737502098083 0.004002085421234369 0.008187544532120228 0.9927939176559448
26.366666666 0.008840823546051979 0.32399988174438477 0.45291414856910706 0.12414084374904633 0.004650546237826347 0.009203587658703327 0.9922110438346863
26.4 0.015428044833242893 0.33151137828826904 0.47100937366485596 0.12881840765476227 0.0030169172678142786 0.01026267558336258 0.9916105270385742
26.433333333 0.017380336299538612 0.3494693636894226 0.4870189428329468 0.13559290766716003 0.002268746495246887 0.01115369237959385 0.990699291229248
26.466666666 0.01949659176170826 0.355033814907074 0.5039306879043579 0.14012490212917328 0.0012035270920023322 0.012358431704342365 0.9900559782981873
26.5 0.02216699719429016 0.33986425399780273 0.49347779154777527 0.1443486362695694 0.00043717617518268526 0.011783307418227196 0.9894566535949707
26.533333333 0.024575909599661827 0.3457988500595093 0.5101678967475891 0.14965391159057617 -0.0004014265432488173 0.012776833027601242 0.9886558055877686
26.566666666 0.025851579383015633 0.3612044155597687 0.5285584330558777 0.1569727212190628 -0.0009124370408244431 0.013991281390190125 0.9875034093856812
26.6 0.017617996782064438 0.36801794171333313 0.547024130821228 0.1626417189836502 0.000646198692265898 0.014336914755403996 0.9865808486938477
26.633333333 0.021477147936820984 0.38153472542762756 0.5655761361122131 0.16938431560993195 -3.7268007872626185e-05 0.014970949850976467 0.9854363799095154
26.666666666 0.0187633465975523 0.38270601630210876 0.5785607695579529 0.17302033305168152 0.0012832870706915855 0.01534914132207632 0.9847978353500366
26.7 0.025758441537618637 0.39324313402175903 0.594897449016571 0.17870569229125977 0.0006758295930922031 0.01595476269721985 0.9837729930877686
26.733333333 0.02272089757025242 0.39914196729660034 0.609043300151825 0.18324129283428192 0.0022533885203301907 0.016827251762151718 0.9829213619232178
26.766666666 0.02600880153477192 0.35986652970314026 0.541715145111084 0.18935132026672363 0.0011533851502463222 0.017037611454725266 0.9817609190940857
26.8 0.020596623420715332 0.36059558391571045 0.553034245967865 0.1923176348209381 0.0033660002518445253 0.017530450597405434 0.9811704158782959
26.833333333 0.024717561900615692 0.36070355772972107 0.5614932775497437 0.19476473331451416 0.003185156499966979 0.01801624335348606 0.9806793332099915
26.866666666 0.025713954120874405 0.3768962323665619 0.5736572742462158 0.20134365558624268 0.003545121056959033 0.01715422049164772 0.9793640375137329
26.9 0.02159551903605461 0.382060170173645 0.5861137509346008 0.2054242491722107 0.0049545359797775745 0.018036819994449615 0.9784942865371704
