0 42
1 43
2 45
3 46
4 48
5 49
6 51
7 52
8 54
9 55
10 57
11 58
12 60
13 61
14 63
15 64
16 66
17 67
18 69
19 70
20 72
21 73
22 75
23 76
24 78
25 79
26 81
27 82
28 84
29 85
30 87
31 88
32 90
33 91
34 92
35 94
36 95
37 97
38 98
39 100
40 101
41 103
42 104
43 106
44 107
45 109
46 110
47 112
48 113
49 115
50 116
51 118
52 119
53 121
54 122
55 124
56 125
57 127
58 128
59 129
60 131
61 132
62 134
63 135
64 137
65 138
66 140
67 141
68 143
69 144
70 146
71 147
72 149
73 150
74 152
75 153
76 155
77 156
78 158
79 159
80 161
81 162
82 164
83 165
84 167
85 168
86 170
87 171
88 173
89 174
90 176
91 177
92 179
93 180
94 182
95 183
96 184
97 186
98 187
99 189
100 190
101 192
102 193
103 195
104 196
105 198
106 199
107 201
108 202
109 204
110 205
111 207
112 208
113 210
114 211
115 213
116 214
117 216
118 217
119 219
120 220
121 222
122 223
123 225
124 226
125 228
126 229
127 231
128 232
129 234
130 235
131 237
132 238
133 240
134 241
135 243
136 244
137 246
138 247
139 249
140 250
141 252
142 253
143 255
144 256
145 258
146 259
147 261
148 262
149 264
150 265
151 267
152 268
153 270
154 271
155 273
156 274
157 276
158 277
159 279
160 280
161 281
162 283
163 284
164 286
165 287
166 289
167 290
168 292
169 293
170 295
171 296
172 298
173 299
174 301
175 302
176 304
177 305
178 307
179 308
180 310
181 311
182 313
183 314
184 316
185 317
186 319
187 320
188 322
189 323
190 325
191 326
192 328
193 329
194 331
195 332
196 334
197 335
198 337
199 338
200 340
201 341
202 343
203 344
204 346
205 347
206 349
207 350
208 352
209 353
210 355
211 356
212 358
213 359
214 361
215 362
216 364
217 365
218 367
219 368
220 370
221 371
222 372
223 374
224 375
225 377
226 378
227 380
228 381
229 383
230 384
231 386
232 387
233 389
234 390
235 392
236 393
237 395
238 396
239 398
240 399
241 401
242 402
243 404
244 405
245 407
246 408
247 410
248 411
249 413
250 414
251 416
252 417
253 419
254 420
255 422
256 423
257 425
258 426
259 428
260 429
261 431
262 432
263 434
264 435
265 437
266 438
267 440
268 441
269 443
270 444
271 446
272 447
273 449
274 450
275 452
276 453
277 455
278 456
279 458
280 459
281 461
282 462
283 464
284 465
285 466
286 468
287 469
288 471
289 472
290 474
291 475
292 477
293 478
294 480
295 481
296 483
297 484
298 486
299 487
300 488
301 490
302 491
303 493
304 494
305 496
306 497
307 499
308 500
309 502
310 503
311 505
312 506
313 508
314 509
315 511
316 512
317 514
318 515
319 517
320 518
321 520
322 521
323 523
324 524
325 526
326 527
327 529
328 530
329 532
330 533
331 535
332 536
333 538
334 539
335 541
336 542
337 544
338 545
339 547
340 548
341 550
342 551
343 553
344 554
345 556
346 557
347 558
348 560
349 561
350 563
351 564
352 566
353 567
354 569
355 570
356 572
357 573
358 575
359 576
360 578
361 579
362 581
363 582
364 584
365 585
366 587
367 588
368 590
369 591
370 593
371 594
372 596
373 597
374 599
375 600
376 602
377 603
378 605
379 606
380 608
381 609
382 611
383 612
384 614
385 615
386 617
387 618
388 620
389 621
390 623
391 624
392 626
393 627
394 629
395 630
396 632
397 633
398 635
399 636
400 638
401 639
402 641
403 642
404 644
405 645
406 647
407 648
408 650
409 651
410 653
411 654
412 655
413 657
414 658
415 660
416 661
417 663
418 664
419 666
420 667
421 669
422 670
423 672
424 673
425 675
426 676
427 678
428 679
429 681
430 682
431 684
432 685
433 687
434 688
435 690
436 691
437 693
438 694
439 696
440 697
441 699
442 700
443 702
444 703
445 705
446 706
447 708
448 709
449 711
450 712
451 714
452 715
453 717
454 718
455 720
456 721
457 723
458 724
459 726
460 727
461 729
462 730
463 732
464 733
465 735
466 736
467 738
468 739
469 741
470 742
471 744
472 745
473 746
474 748
475 749
476 751
477 752
478 754
479 755
480 757
481 758
482 760
483 761
484 763
485 764
486 766
487 767
488 769
489 770
490 772
491 773
492 775
493 776
494 778
495 779
496 781
497 782
498 784
499 785
500 787
501 788
502 790
503 791
504 793
505 794
506 796
507 797
508 799
509 800
510 802
511 803
512 805
513 806
514 808
515 809
516 811
517 812
518 814
519 815
520 817
521 818
522 820
523 821
524 823
525 824
526 826
527 827
528 829
529 830
530 832
531 833
532 835
533 836
534 838
535 839
536 841
537 842
538 843
539 845
540 846
541 848
542 849
543 851
544 852
545 854
546 855
547 857
548 858
549 860
550 861
551 863
552 864
553 866
554 867
555 869
556 870
557 872
558 873
559 875
560 876
561 878
562 879
563 881
564 882
565 884
566 885
567 887
568 888
569 890
570 891
571 893
572 894
573 896
574 897
575 899
576 900
577 902
578 903
579 905
580 906
581 908
582 909
583 911
584 912
585 914
586 915
587 917
588 918
589 920
590 921
591 923
592 924
593 926
594 927
595 929
596 930
597 932
598 933
599 934
600 936
601 937
602 939
603 940
604 942
605 943
606 945
607 946
608 948
609 949
610 951
611 952
612 954
613 955
614 957
615 958
616 960
617 961
618 963
619 964
620 966
621 967
622 969
623 970
624 972
625 973
626 975
627 976
628 978
629 979
630 981
631 982
632 984
633 985
634 987
635 988
636 990
637 991
638 993
639 994
640 996
641 997
642 999
643 1000
644 1002
645 1003
646 1005
647 1006
648 1008
649 1009
650 1011
651 1012
652 1014
653 1015
654 1017
655 1018
656 1020
657 1021
658 1023
659 1024
660 1026
661 1027
662 1028
663 1030
664 1031
665 1033
666 1034
667 1036
668 1037
669 1039
670 1040
671 1042
672 1043
673 1045
674 1046
675 1048
676 1049
677 1051
678 1052
679 1054
680 1055
681 1057
682 1058
683 1060
684 1061
685 1063
686 1064
687 1066
688 1067
689 1069
690 1070
691 1072
692 1073
693 1075
694 1076
695 1078
696 1079
697 1081
698 1082
699 1084
700 1085
701 1087
702 1088
703 1090
704 1091
705 1093
706 1094
707 1096
708 1097
709 1099
710 1100
711 1102
712 1103
713 1105
714 1106
715 1108
716 1109
717 1111
718 1112
719 1114
720 1115
721 1117
722 1118
723 1120
724 1121
725 1123
726 1124
727 1125
728 1127
729 1128
730 1130
731 1131
732 1133
733 1134
734 1136
735 1137
736 1139
737 1140
738 1142
739 1143
740 1145
741 1146
742 1148
743 1149
744 1151
745 1152
746 1154
747 1155
748 1157
749 1158
750 1160
751 1161
752 1163
753 1164
754 1166
755 1167
756 1169
757 1170
758 1172
759 1173
760 1175
761 1176
762 1178
763 1179
764 1181
765 1182
766 1184
767 1185
768 1187
769 1188
770 1190
771 1191
772 1193
773 1194
774 1196
775 1197
776 1199
777 1200
778 1202
779 1203
780 1205
781 1206
782 1208
783 1209
784 1211
785 1212
786 1214
787 1215
788 1216
789 1218
790 1219
791 1221
792 1222
793 1224
794 1225
795 1227
796 1228
797 1230
798 1231
799 1233
800 1234
801 1236
802 1237
803 1239
804 1240
805 1242
806 1243
807 1245
808 1246
809 1248
810 1249
811 1251
812 1252
813 1254
814 1255
815 1257
816 1258
817 1260
818 1261
819 1263
820 1264
821 1266
822 1267
823 1269
824 1270
825 1272
826 1273
827 1275
828 1276
829 1278
830 1279
831 1281
832 1282
833 1284
834 1285
835 1287
836 1288
837 1290
838 1291
839 1293
840 1294
841 1296
842 1297
843 1299
844 1300
845 1302
846 1303
847 1305
848 1306
849 1308
850 1309
851 1310
852 1312
853 1313
854 1315
855 1316
856 1318
857 1319
858 1321
859 1322
860 1324
861 1325
862 1327
863 1328
864 1330
865 1331
866 1333
867 1334
868 1336
869 1337
870 1339
871 1340
872 1342
873 1343
874 1345
875 1346
876 1348
877 1349
878 1351
879 1352
880 1354
881 1355
882 1357
883 1358
884 1360
885 1361
886 1363
887 1364
888 1366
889 1367
890 1369
891 1370
892 1372
893 1373
894 1375
895 1376
896 1378
897 1379
898 1381
899 1382
900 1384
901 1385
902 1387
903 1388
904 1390
905 1391
906 1393
907 1394
908 1396
909 1397
910 1399
911 1400
912 1402
913 1403
914 1404
915 1406
916 1407
917 1409
918 1410
919 1412
920 1413
921 1415
922 1416
923 1418
924 1419
925 1421
926 1422
927 1424
928 1425
929 1427
930 1428
931 1430
932 1431
933 1433
934 1434
935 1436
936 1437
937 1439
938 1440
939 1442
940 1443
941 1445
942 1446
943 1448
944 1449
945 1451
946 1452
947 1454
948 1455
949 1457
950 1458
951 1460
952 1461
953 1463
954 1464
955 1466
956 1467
957 1469
958 1470
959 1472
960 1473
961 1475
962 1476
963 1478
964 1479
965 1481
966 1482
967 1484
968 1485
969 1487
970 1488
971 1490
972 1491
973 1493
974 1494
975 1496
976 1497
977 1498
978 1500
979 1501
980 1503
981 1504
982 1506
983 1507
984 1509
985 1510
986 1512
987 1513
988 1515
989 1516
990 1518
991 1519
992 1521
993 1522
994 1524
995 1525
996 1527
997 1528
998 1530
999 1531
1000 1533
1001 1534
1002 1536
1003 1537
1004 1539
1005 1540
1006 1542
1007 1543
1008 1545
1009 1546
1010 1548
1011 1549
1012 1551
1013 1552
1014 1554
1015 1555
1016 1557
1017 1558
1018 1560
1019 1561
1020 1563
1021 1564
1022 1566
1023 1567
1024 1569
1025 1570
1026 1572
1027 1573
1028 1575
1029 1576
1030 1578
1031 1579
1032 1581
1033 1582
1034 1584
1035 1585
1036 1587
1037 1588
1038 1590
1039 1591
1040 1593
1041 1594
1042 1595
1043 1597
1044 1598
1045 1600
1046 1601
1047 1603
1048 1604
1049 1606
1050 1607
1051 1609
1052 1610
1053 1612
1054 1613
1055 1615
1056 1616
1057 1618
1058 1619
1059 1621
1060 1622
1061 1624
1062 1625
1063 1627
1064 1628
1065 1630
1066 1631
1067 1633
1068 1634
1069 1636
1070 1637
1071 1639
1072 1640
1073 1642
1074 1643
1075 1645
1076 1646
1077 1648
1078 1649
1079 1651
1080 1652
1081 1654
1082 1655
1083 1657
1084 1658
1085 1660
1086 1661
1087 1663
1088 1664
1089 1666
1090 1667
1091 1669
1092 1670
1093 1672
1094 1673
1095 1675
1096 1676
1097 1678
1098 1679
1099 1681
1100 1682
1101 1683
1102 1685
1103 1686
1104 1688
1105 1689
1106 1691
1107 1692
1108 1694
1109 1695
1110 1697
1111 1698
1112 1700
1113 1701
1114 1703
1115 1704
1116 1706
1117 1707
1118 1709
1119 1710
1120 1712
1121 1713
1122 1715
1123 1716
1124 1718
1125 1719
1126 1721
1127 1722
1128 1724
1129 1725
1130 1727
1131 1728
1132 1730
1133 1731
1134 1733
1135 1734
1136 1736
1137 1737
1138 1739
1139 1740
1140 1742
1141 1743
1142 1745
1143 1746
1144 1748
1145 1749
1146 1751
1147 1752
1148 1754
1149 1755
1150 1757
1151 1758
1152 1760
1153 1761
1154 1763
1155 1764
1156 1766
1157 1767
1158 1769
1159 1770
1160 1772
1161 1773
1162 1775
1163 1776
1164 1778
1165 1779
1166 1780
1167 1782
1168 1783
1169 1785
