0 3
1 4
2 6
3 7
4 9
5 10
6 12
7 13
8 15
9 16
10 18
11 19
12 21
13 22
14 24
15 25
16 27
17 28
18 30
19 31
20 33
21 34
22 36
23 37
24 39
25 40
26 42
27 43
28 45
29 46
30 48
31 49
32 51
33 52
34 54
35 55
36 57
37 58
38 60
39 61
40 63
41 64
42 66
43 67
44 69
45 70
46 72
47 73
48 75
49 76
50 78
51 79
52 81
53 82
54 84
55 85
56 87
57 88
58 90
59 91
60 92
61 94
62 95
63 97
64 98
65 100
66 101
67 103
68 104
69 106
70 107
71 109
72 110
73 112
74 113
75 115
76 116
77 118
78 119
79 121
80 122
81 124
82 125
83 127
84 128
85 129
86 131
87 132
88 134
89 135
90 137
91 138
92 140
93 141
94 143
95 144
96 146
97 147
98 149
99 150
100 152
101 153
102 155
103 156
104 158
105 159
106 161
107 162
108 164
109 165
110 167
111 168
112 170
113 171
114 173
115 174
116 176
117 177
118 179
119 180
120 182
121 183
122 184
123 186
124 187
125 189
126 190
127 192
128 193
129 195
130 196
131 198
132 199
133 201
134 202
135 204
136 205
137 207
138 208
139 210
140 211
141 213
142 214
143 216
144 217
145 219
146 220
147 222
148 223
149 225
150 226
151 228
152 229
153 231
154 232
155 234
156 235
157 237
158 238
159 240
160 241
161 243
162 244
163 246
164 247
165 249
166 250
167 252
168 253
169 255
170 256
171 258
172 259
173 261
174 262
175 264
176 265
177 267
178 268
179 270
180 271
181 273
182 274
183 276
184 277
185 279
186 280
187 281
188 283
189 284
190 286
191 287
192 289
193 290
194 292
195 293
196 295
197 296
198 298
199 299
200 301
201 302
202 304
203 305
204 307
205 308
206 310
207 311
208 313
209 314
210 316
211 317
212 319
213 320
214 322
215 323
216 325
217 326
218 328
219 329
220 331
221 332
222 334
223 335
224 337
225 338
226 340
227 341
228 343
229 344
230 346
231 347
232 349
233 350
234 352
235 353
236 355
237 356
238 358
239 359
240 361
241 362
242 364
243 365
244 367
245 368
246 370
247 371
248 372
249 374
250 375
251 377
252 378
253 380
254 381
255 383
256 384
257 386
258 387
259 389
260 390
261 392
262 393
263 395
264 396
265 398
266 399
267 401
268 402
269 404
270 405
271 407
272 408
273 410
274 411
275 413
276 414
277 416
278 417
279 419
280 420
281 422
282 423
283 425
284 426
285 428
286 429
287 431
288 432
289 434
290 435
291 437
292 438
293 440
294 441
295 443
296 444
297 446
298 447
299 449
300 450
301 452
302 453
303 455
304 456
305 458
306 459
307 461
308 462
309 464
310 465
311 466
312 468
313 469
314 471
315 472
316 474
317 475
318 477
319 478
320 480
321 481
322 483
323 484
324 486
325 487
326 488
327 490
328 491
329 493
330 494
331 496
332 497
333 499
334 500
335 502
336 503
337 505
338 506
339 508
340 509
341 511
342 512
343 514
344 515
345 517
346 518
347 520
348 521
349 523
350 524
351 526
352 527
353 529
354 530
355 532
356 533
357 535
358 536
359 538
360 539
361 541
362 542
363 544
364 545
365 547
366 548
367 550
368 551
369 553
370 554
371 556
372 557
373 558
374 560
375 561
376 563
377 564
378 566
379 567
380 569
381 570
382 572
383 573
384 575
385 576
386 578
387 579
388 581
389 582
390 584
391 585
392 587
393 588
394 590
395 591
396 593
397 594
398 596
399 597
400 599
401 600
402 602
403 603
404 605
405 606
406 608
407 609
408 611
409 612
410 614
411 615
412 617
413 618
414 620
415 621
416 623
417 624
418 626
419 627
420 629
421 630
422 632
423 633
424 635
425 636
426 638
427 639
428 641
429 642
430 644
431 645
432 647
433 648
434 650
435 651
436 653
437 654
438 655
439 657
440 658
441 660
442 661
443 663
444 664
445 666
446 667
447 669
448 670
449 672
450 673
451 675
452 676
453 678
454 679
455 681
456 682
457 684
458 685
459 687
460 688
461 690
462 691
463 693
464 694
465 696
466 697
467 699
468 700
469 702
470 703
471 705
472 706
473 708
474 709
475 711
476 712
477 714
478 715
479 717
480 718
481 720
482 721
483 723
484 724
485 726
486 727
487 729
488 730
489 732
490 733
491 735
492 736
493 738
494 739
495 741
496 742
497 744
498 745
499 746
500 748
501 749
502 751
503 752
504 754
505 755
506 757
507 758
508 760
509 761
510 763
511 764
512 766
513 767
514 769
515 770
516 772
517 773
518 775
519 776
520 778
521 779
522 781
523 782
524 784
525 785
526 787
527 788
528 790
529 791
530 793
531 794
532 796
533 797
534 799
535 800
536 802
537 803
538 805
539 806
540 808
541 809
542 811
543 812
544 814
545 815
546 817
547 818
548 820
549 821
550 823
551 824
552 826
553 827
554 829
555 830
556 832
557 833
558 835
559 836
560 838
561 839
562 841
563 842
564 843
565 845
566 846
567 848
568 849
569 851
570 852
571 854
572 855
573 857
574 858
575 860
576 861
577 863
578 864
579 866
580 867
581 869
582 870
583 872
584 873
585 875
586 876
587 878
588 879
589 881
590 882
591 884
592 885
593 887
594 888
595 890
596 891
597 893
598 894
599 896
600 897
601 899
602 900
603 902
604 903
605 905
606 906
607 908
608 909
609 911
610 912
611 914
612 915
613 917
614 918
615 920
616 921
617 923
618 924
619 926
620 927
621 929
622 930
623 932
624 933
625 934
626 936
627 937
628 939
629 940
630 942
631 943
632 945
633 946
634 948
635 949
636 951
637 952
638 954
639 955
640 957
641 958
642 960
643 961
644 963
645 964
646 966
647 967
648 969
649 970
650 972
651 973
652 975
653 976
654 978
655 979
656 981
657 982
658 984
659 985
660 987
661 988
662 990
663 991
664 993
665 994
666 996
667 997
668 999
669 1000
670 1002
671 1003
672 1005
673 1006
674 1008
675 1009
676 1011
677 1012
678 1014
679 1015
680 1017
681 1018
682 1020
683 1021
684 1023
685 1024
686 1026
687 1027
688 1028
689 1030
690 1031
691 1033
692 1034
693 1036
694 1037
695 1039
696 1040
697 1042
698 1043
699 1045
700 1046
701 1048
702 1049
703 1051
704 1052
705 1054
706 1055
707 1057
708 1058
709 1060
710 1061
711 1063
712 1064
713 1066
714 1067
715 1069
716 1070
717 1072
718 1073
719 1075
720 1076
721 1078
722 1079
723 1081
724 1082
725 1084
726 1085
727 1087
728 1088
729 1090
730 1091
731 1093
732 1094
733 1096
734 1097
735 1099
736 1100
737 1102
738 1103
739 1105
740 1106
741 1108
742 1109
743 1111
744 1112
745 1114
746 1115
747 1117
748 1118
749 1120
750 1121
751 1123
752 1124
753 1125
754 1127
755 1128
756 1130
757 1131
758 1133
759 1134
760 1136
761 1137
762 1139
763 1140
764 1142
765 1143
766 1145
767 1146
768 1148
769 1149
770 1151
771 1152
772 1154
773 1155
774 1157
775 1158
776 1160
777 1161
778 1163
779 1164
780 1166
781 1167
782 1169
783 1170
784 1172
785 1173
786 1175
787 1176
788 1178
789 1179
790 1181
791 1182
792 1184
793 1185
794 1187
795 1188
796 1190
797 1191
798 1193
799 1194
800 1196
801 1197
802 1199
803 1200
804 1202
805 1203
806 1205
807 1206
808 1208
809 1209
810 1211
811 1212
812 1214
813 1215
814 1216
815 1218
816 1219
817 1221
818 1222
819 1224
820 1225
821 1227
822 1228
823 1230
824 1231
825 1233
826 1234
827 1236
828 1237
829 1239
830 1240
831 1242
832 1243
833 1245
834 1246
835 1248
836 1249
837 1251
838 1252
839 1254
840 1255
841 1257
842 1258
843 1260
844 1261
845 1263
846 1264
847 1266
848 1267
849 1269
850 1270
851 1272
852 1273
853 1275
854 1276
855 1278
856 1279
857 1281
858 1282
859 1284
860 1285
861 1287
862 1288
863 1290
864 1291
865 1293
866 1294
867 1296
868 1297
869 1299
870 1300
871 1302
872 1303
873 1305
874 1306
875 1308
876 1309
877 1310
878 1312
879 1313
880 1315
881 1316
882 1318
883 1319
884 1321
885 1322
886 1324
887 1325
888 1327
889 1328
890 1330
891 1331
892 1333
893 1334
894 1336
895 1337
896 1339
897 1340
898 1342
899 1343
900 1345
901 1346
902 1348
903 1349
904 1351
905 1352
906 1354
907 1355
908 1357
909 1358
910 1360
911 1361
912 1363
913 1364
914 1366
915 1367
916 1369
917 1370
918 1372
919 1373
920 1375
921 1376
922 1378
923 1379
924 1381
925 1382
926 1384
927 1385
928 1387
929 1388
930 1390
931 1391
932 1393
933 1394
934 1396
935 1397
936 1399
937 1400
938 1402
939 1403
940 1404
941 1406
942 1407
943 1409
944 1410
945 1412
946 1413
947 1415
948 1416
949 1418
950 1419
951 1421
952 1422
953 1424
954 1425
955 1427
956 1428
957 1430
958 1431
959 1433
960 1434
961 1436
962 1437
963 1439
964 1440
965 1442
966 1443
967 1445
968 1446
969 1448
970 1449
971 1451
972 1452
973 1454
974 1455
975 1457
976 1458
977 1460
978 1461
979 1463
980 1464
981 1466
982 1467
983 1469
984 1470
985 1472
986 1473
987 1475
988 1476
989 1478
990 1479
991 1481
992 1482
993 1484
994 1485
995 1487
996 1488
997 1490
998 1491
999 1493
1000 1494
1001 1496
1002 1497
1003 1498
1004 1500
1005 1501
1006 1503
1007 1504
1008 1506
1009 1507
1010 1509
1011 1510
1012 1512
1013 1513
1014 1515
1015 1516
1016 1518
1017 1519
1018 1521
1019 1522
1020 1524
1021 1525
1022 1527
1023 1528
1024 1530
1025 1531
1026 1533
1027 1534
1028 1536
1029 1537
1030 1539
1031 1540
1032 1542
1033 1543
1034 1545
1035 1546
1036 1548
1037 1549
1038 1551
1039 1552
1040 1554
1041 1555
1042 1557
1043 1558
1044 1560
1045 1561
1046 1563
1047 1564
1048 1566
1049 1567
1050 1569
1051 1570
1052 1572
1053 1573
1054 1575
1055 1576
1056 1578
1057 1579
1058 1581
1059 1582
1060 1584
1061 1585
1062 1587
1063 1588
1064 1590
1065 1591
1066 1593
1067 1594
1068 1595
1069 1597
1070 1598
1071 1600
1072 1601
1073 1603
1074 1604
1075 1606
1076 1607
1077 1609
1078 1610
1079 1612
1080 1613
1081 1615
1082 1616
1083 1618
1084 1619
1085 1621
1086 1622
1087 1624
1088 1625
1089 1627
1090 1628
1091 1630
1092 1631
1093 1633
1094 1634
1095 1636
1096 1637
1097 1639
1098 1640
1099 1642
1100 1643
1101 1645
1102 1646
1103 1648
1104 1649
1105 1651
1106 1652
1107 1654
1108 1655
1109 1657
1110 1658
1111 1660
1112 1661
1113 1663
1114 1664
1115 1666
1116 1667
1117 1669
1118 1670
1119 1672
1120 1673
1121 1675
1122 1676
1123 1678
1124 1679
1125 1681
1126 1682
1127 1683
1128 1685
1129 1686
1130 1688
1131 1689
1132 1691
1133 1692
1134 1694
1135 1695
1136 1697
1137 1698
1138 1700
1139 1701
1140 1703
1141 1704
1142 1706
1143 1707
1144 1709
1145 1710
1146 1712
1147 1713
1148 1715
1149 1716
1150 1718
1151 1719
1152 1721
1153 1722
1154 1724
1155 1725
1156 1727
1157 1728
1158 1730
1159 1731
1160 1733
1161 1734
1162 1736
1163 1737
1164 1739
1165 1740
1166 1742
1167 1743
1168 1745
1169 1746
1170 1748
1171 1749
1172 1751
1173 1752
1174 1754
1175 1755
1176 1757
1177 1758
1178 1760
1179 1761
1180 1763
1181 1764
1182 1766
1183 1767
1184 1769
1185 1770
1186 1772
1187 1773
1188 1775
1189 1776
1190 1778
1191 1779
1192 1780
1193 1782
1194 1783
1195 1785
1196 1786
1197 1788
1198 1789
