0 62
1 64
2 65
3 67
4 68
5 70
6 71
7 73
8 74
9 76
10 77
11 79
12 80
13 82
14 83
15 85
16 86
17 87
18 89
19 90
20 92
21 93
22 95
23 96
24 98
25 99
26 101
27 102
28 104
29 105
30 107
31 108
32 110
33 111
34 113
35 114
36 116
37 117
38 119
39 120
40 122
41 123
42 125
43 126
44 128
45 129
46 131
47 132
48 134
49 135
50 137
51 138
52 140
53 141
54 143
55 144
56 146
57 147
58 149
59 150
60 152
61 153
62 155
63 156
64 158
65 159
66 161
67 162
68 164
69 165
70 167
71 168
72 170
73 171
74 173
75 174
76 176
77 177
78 179
79 180
80 182
81 183
82 184
83 186
84 187
85 189
86 190
87 192
88 193
89 195
90 196
91 198
92 199
93 201
94 202
95 204
96 205
97 207
98 208
99 210
100 211
101 213
102 214
103 216
104 217
105 219
106 220
107 222
108 223
109 225
110 226
111 228
112 229
113 231
114 232
115 234
116 235
117 237
118 238
119 240
120 241
121 243
122 244
123 246
124 247
125 248
126 250
127 251
128 252
129 254
130 255
131 257
132 258
133 260
134 261
135 263
136 264
137 266
138 267
139 269
140 270
141 272
142 273
143 275
144 276
145 277
146 279
147 280
148 282
149 283
150 285
151 286
152 288
153 289
154 291
155 292
156 294
157 295
158 297
159 298
160 300
161 301
162 303
163 304
164 306
165 307
166 309
167 310
168 312
169 313
170 315
171 316
172 318
173 319
174 321
175 322
176 324
177 325
178 327
179 328
180 330
181 331
182 333
183 334
184 336
185 337
186 339
187 340
188 342
189 343
190 345
191 346
192 348
193 349
194 351
195 352
196 354
197 355
198 357
199 358
200 360
201 361
202 363
203 364
204 366
205 367
206 369
207 370
208 372
209 373
210 374
211 376
212 377
213 379
214 380
215 382
216 383
217 385
218 386
219 388
220 389
221 391
222 392
223 394
224 395
225 397
226 398
227 400
228 401
229 403
230 404
231 406
232 407
233 409
234 410
235 412
236 413
237 415
238 416
239 418
240 419
241 421
242 422
243 424
244 425
245 427
246 428
247 430
248 431
249 433
250 434
251 436
252 437
253 439
254 440
255 442
256 443
257 445
258 446
259 448
260 449
261 451
262 452
263 454
264 455
265 457
266 458
267 460
268 461
269 463
270 464
271 466
272 467
273 468
274 470
275 471
276 473
277 474
278 476
279 477
280 479
281 480
282 482
283 483
284 485
285 486
286 488
287 489
288 491
289 492
290 494
291 495
292 497
293 498
294 500
295 501
296 503
297 504
298 506
299 507
300 509
301 510
302 512
303 513
304 515
305 516
306 518
307 519
308 521
309 522
310 524
311 525
312 527
313 528
314 530
315 531
316 533
317 534
318 536
319 537
320 539
321 540
322 542
323 543
324 545
325 546
326 548
327 549
328 551
329 552
330 554
331 555
332 557
333 558
334 560
335 561
336 562
337 564
338 565
339 567
340 568
341 570
342 571
343 573
344 574
345 576
346 577
347 579
348 580
349 582
350 583
351 585
352 586
353 588
354 589
355 591
356 592
357 594
358 595
359 597
360 598
361 600
362 601
363 603
364 604
365 606
366 607
367 609
368 610
369 612
370 613
371 615
372 616
373 618
374 619
375 621
376 622
377 624
378 625
379 627
380 628
381 630
382 631
383 633
384 634
385 636
386 637
387 639
388 640
389 642
390 643
391 645
392 646
393 648
394 649
395 651
396 652
397 653
398 655
399 656
400 658
401 659
402 661
403 662
404 664
405 665
406 667
407 668
408 670
409 671
410 673
411 674
412 676
413 677
414 679
415 680
416 682
417 683
418 685
419 686
420 688
421 689
422 691
423 692
424 694
425 695
426 697
427 698
428 700
429 701
430 703
431 704
432 706
433 707
434 709
435 710
436 712
437 713
438 715
439 716
440 718
441 719
442 721
443 722
444 724
445 725
446 727
447 728
448 730
449 731
450 733
451 734
452 736
453 737
454 739
455 740
456 742
457 743
458 745
459 746
460 748
461 749
462 750
463 752
464 753
465 755
466 756
467 758
468 759
469 761
470 762
471 764
472 765
473 767
474 768
475 770
476 771
477 773
478 774
479 776
480 777
481 779
482 780
483 782
484 783
485 785
486 786
487 788
488 789
489 791
490 792
491 794
492 795
493 797
494 798
495 800
496 801
497 803
498 804
499 806
500 807
501 809
502 810
503 812
504 813
505 815
506 816
507 818
508 819
509 821
510 822
511 824
512 825
513 827
514 828
515 830
516 831
517 833
518 834
519 836
520 837
521 839
522 840
523 842
524 843
525 844
526 846
527 847
528 849
529 850
530 852
531 853
532 854
533 856
534 857
535 859
536 860
537 861
538 863
539 864
540 866
541 867
542 869
543 870
544 872
545 873
546 875
547 876
548 878
549 879
550 881
551 882
552 884
553 885
554 887
555 888
556 890
557 891
558 893
559 894
560 896
561 897
562 899
563 900
564 902
565 903
566 905
567 906
568 908
569 909
570 911
571 912
572 914
573 915
574 917
575 918
576 920
577 921
578 923
579 924
580 926
581 927
582 929
583 930
584 931
585 933
586 934
587 936
588 937
589 939
590 940
591 942
592 943
593 945
594 946
595 948
596 949
597 951
598 952
599 954
600 955
601 957
602 958
603 960
604 961
605 963
606 964
607 966
608 967
609 969
610 970
611 972
612 973
613 975
614 976
615 978
616 979
617 981
618 982
619 984
620 985
621 987
622 988
623 990
624 991
625 993
626 994
627 996
628 997
629 999
630 1000
631 1002
632 1003
633 1005
634 1006
635 1008
636 1009
637 1011
638 1012
639 1014
640 1015
641 1017
642 1018
643 1020
644 1021
645 1023
646 1024
647 1025
648 1027
649 1028
650 1030
651 1031
652 1033
653 1034
654 1036
655 1037
656 1039
657 1040
658 1042
659 1043
660 1045
661 1046
662 1048
663 1049
664 1051
665 1052
666 1054
667 1055
668 1057
669 1058
670 1060
671 1061
672 1063
673 1064
674 1066
675 1067
676 1069
677 1070
678 1072
679 1073
680 1075
681 1076
682 1078
683 1079
684 1081
685 1082
686 1084
687 1085
688 1087
689 1088
690 1090
691 1091
692 1093
693 1094
694 1096
695 1097
696 1099
697 1100
698 1102
699 1103
700 1105
701 1106
702 1108
703 1109
704 1111
705 1112
706 1114
707 1115
708 1117
709 1118
710 1120
711 1121
712 1122
713 1124
714 1125
715 1127
716 1128
717 1130
718 1131
719 1133
720 1134
721 1136
722 1137
723 1139
724 1140
725 1142
726 1143
727 1145
728 1146
729 1148
730 1149
731 1151
732 1152
733 1154
734 1155
735 1157
736 1158
737 1160
738 1161
739 1163
740 1164
741 1166
742 1167
743 1169
744 1170
745 1172
746 1173
747 1175
748 1176
749 1178
750 1179
751 1181
752 1182
753 1184
754 1185
755 1187
756 1188
757 1190
758 1191
759 1193
760 1194
761 1196
762 1197
763 1199
764 1200
765 1202
766 1203
767 1205
768 1206
769 1208
770 1209
771 1211
772 1212
773 1214
774 1215
775 1216
776 1218
777 1219
778 1221
779 1222
780 1224
781 1225
782 1227
783 1228
784 1230
785 1231
786 1233
787 1234
788 1236
789 1237
790 1239
791 1240
792 1242
793 1243
794 1245
795 1246
796 1248
797 1249
798 1251
799 1252
800 1254
801 1255
802 1257
803 1258
804 1260
805 1261
806 1263
807 1264
808 1266
809 1267
810 1269
811 1270
812 1272
813 1273
814 1275
815 1276
816 1278
817 1279
818 1281
819 1282
820 1284
821 1285
822 1287
823 1288
824 1290
825 1291
826 1293
827 1294
828 1296
829 1297
830 1299
831 1300
832 1302
833 1303
834 1305
835 1306
836 1308
837 1309
838 1310
839 1312
840 1313
841 1315
842 1316
843 1318
844 1319
845 1321
846 1322
847 1324
848 1325
849 1327
850 1328
851 1330
852 1331
853 1333
854 1334
855 1336
856 1337
857 1339
858 1340
859 1342
860 1343
861 1345
862 1346
863 1348
864 1349
865 1351
866 1352
867 1354
868 1355
869 1357
870 1358
871 1360
872 1361
873 1363
874 1364
875 1366
876 1367
877 1369
878 1370
879 1372
880 1373
881 1375
882 1376
883 1378
884 1379
885 1381
886 1382
887 1384
888 1385
889 1387
890 1388
891 1390
892 1391
893 1393
894 1394
895 1396
896 1397
897 1399
898 1400
899 1402
900 1403
901 1404
902 1406
903 1407
904 1409
905 1410
906 1412
907 1413
908 1415
909 1416
910 1418
911 1419
912 1421
913 1422
914 1424
915 1425
916 1427
917 1428
918 1430
919 1431
920 1433
921 1434
922 1435
923 1437
924 1438
925 1440
926 1441
927 1442
928 1444
929 1445
930 1447
931 1448
932 1450
933 1451
934 1453
935 1454
936 1456
937 1457
938 1459
939 1460
940 1462
941 1463
942 1465
943 1466
944 1468
945 1469
946 1471
947 1472
948 1474
949 1475
950 1477
951 1478
952 1480
953 1481
954 1483
955 1484
956 1486
957 1487
958 1489
959 1490
960 1492
961 1493
962 1495
963 1496
964 1497
965 1499
966 1500
967 1502
968 1503
969 1505
970 1506
971 1508
972 1509
973 1511
974 1512
975 1514
976 1515
977 1517
978 1518
979 1520
980 1521
981 1523
982 1524
983 1526
984 1527
985 1529
986 1530
987 1532
988 1533
989 1535
990 1536
991 1538
992 1539
993 1541
994 1542
995 1544
996 1545
997 1547
998 1548
999 1550
1000 1551
1001 1553
1002 1554
1003 1556
1004 1557
1005 1559
1006 1560
1007 1562
1008 1563
1009 1565
1010 1566
1011 1568
1012 1569
1013 1571
1014 1572
1015 1574
1016 1575
1017 1577
1018 1578
1019 1580
1020 1581
1021 1583
1022 1584
1023 1586
1024 1587
1025 1589
1026 1590
1027 1591
1028 1593
1029 1594
1030 1596
1031 1597
1032 1599
1033 1600
1034 1602
1035 1603
1036 1605
1037 1606
1038 1608
1039 1609
1040 1611
1041 1612
1042 1614
1043 1615
1044 1617
1045 1618
1046 1620
1047 1621
1048 1623
1049 1624
1050 1626
1051 1627
1052 1629
1053 1630
1054 1632
1055 1633
1056 1635
1057 1636
1058 1638
1059 1639
1060 1641
1061 1642
1062 1644
1063 1645
1064 1647
1065 1648
1066 1650
1067 1651
1068 1653
1069 1654
1070 1656
1071 1657
1072 1659
1073 1660
1074 1662
1075 1663
1076 1665
1077 1666
1078 1668
1079 1669
1080 1671
1081 1672
1082 1674
1083 1675
1084 1677
1085 1678
1086 1680
1087 1681
1088 1682
1089 1684
1090 1685
1091 1687
1092 1688
1093 1690
1094 1691
1095 1693
1096 1694
1097 1696
1098 1697
1099 1699
1100 1700
1101 1702
1102 1703
1103 1705
1104 1706
1105 1708
1106 1709
1107 1711
1108 1712
1109 1714
1110 1715
1111 1717
1112 1718
1113 1720
1114 1721
1115 1723
1116 1724
1117 1726
1118 1727
1119 1729
1120 1730
1121 1732
1122 1733
1123 1735
1124 1736
1125 1738
1126 1739
1127 1741
1128 1742
1129 1744
1130 1745
1131 1747
1132 1748
1133 1750
1134 1751
1135 1753
1136 1754
1137 1756
1138 1757
1139 1759
1140 1760
1141 1762
1142 1763
1143 1765
1144 1766
1145 1768
1146 1769
1147 1771
1148 1772
1149 1774
1150 1775
1151 1777
1152 1778
1153 1779
1154 1781
